0.229074
0.229074
0.229074
0.229074
1.240820
1.443080
1.443080
1.504660
1.504660
1.761630
1.761630
1.443080
1.443080
1.443080
1.443080
1.443080
1.443080
1.811570
1.811570
1.811570
1.811570
1.811570
1.811570
1.811570
1.811570
1.811570
1.811570
1.811570
1.811570
1.811570
1.811570
1.811570
1.811570
1.811570
1.811570
1.811570
1.811570
1.811570
2.175360
2.175360
2.175360
2.175360
2.175360
2.175360
2.175360
2.175360
2.175360
2.175360
2.175360
2.175360
2.175360
2.175360
2.175360
2.175360
2.175360
2.175360
2.175360
2.175360
2.175360
2.175360
2.175360
2.175360
2.175360
2.175360
2.175360
2.175360
2.175360
2.175360
2.175360
2.175360
2.175360
2.175360
2.175360
2.191910
2.301480
2.301480
2.301480
0.697984
2.179530
2.179530
1.117600
1.117600
1.117600
1.776980
2.240670
2.240670
1.792290
1.915480
1.915480
1.792290
1.792290
1.792290
1.792290
1.792290
1.792290
1.792290
1.792290
1.792290
1.792290
1.792290
1.792290
1.792290
1.792290
1.792290
1.792290
1.792290
1.792290
1.792290
1.792290
1.220540
1.220540
1.879070
1.159360
1.541720
1.956850
1.956850
1.956850
1.946960
1.946960
1.946960
1.708680
1.708680
1.708680
1.708680
1.708680
1.708680
1.708680
1.708680
1.708680
1.708680
1.708680
1.708680
1.708680
1.708680
1.708680
1.708680
1.708680
1.708680
1.708680
1.708680
1.708680
1.708680
1.708680
