0, 0, 0.655876, -0;
0, 0, 0.655631, -0;
-2.27189e-05, -3.72908e-06, 0.655149, -0.00950991;
-0.000219822, -1.18865e-05, 0.65405, -0.0113245;
-0.000463385, -1.99638e-05, 0.652639, -0.0122684;
-0.000735154, -2.41008e-05, 0.651055, -0.0138807;
-0.00098077, -1.84982e-05, 0.64928, -0.0157927;
-0.00115295, -8.2472e-06, 0.647332, -0.0176927;
-0.00124924, -1.03525e-06, 0.645225, -0.0193911;
-0.00127794, -3.69552e-07, 0.642967, -0.0207614;
-0.00125072, 6.90911e-07, 0.640546, -0.0217194;
-0.0011814, 1.97846e-06, 0.637953, -0.0222184;
-0.00108245, 2.53714e-06, 0.635166, -0.0222109;
-0.000969113, 1.95051e-06, 0.632164, -0.021654;
-0.000844088, 1.83337e-07, 0.628935, -0.020531;
-0.000700239, -2.42755e-06, 0.625476, -0.0187891;
-0.000554612, -2.48193e-06, 0.62178, -0.0164666;
-0.000390079, -1.26984e-06, 0.617862, -0.0135349;
-0.000193133, -1.13283e-06, 0.613738, -0.00998032;
5.86617e-05, 1.78886e-06, 0.609426, -0.00573537;
0.000387176, 6.91078e-06, 0.604947, -0.00076622;
0.000815454, 1.31007e-05, 0.600314, 0.00499229;
0.0013641, 1.08882e-05, 0.595551, 0.0115145;
0.00205414, 4.88744e-06, 0.590624, 0.0188666;
0.00290434, 2.03394e-06, 0.585535, 0.0268872;
0.00391849, -1.08773e-05, 0.580241, 0.0354311;
0.00411915, -3.73787e-05, 0.575299, 0.0423232;
0.00388757, -5.30843e-05, 0.570388, 0.0486385;
0.00366325, -5.57314e-05, 0.565115, 0.0549429;
0.00360148, -6.66687e-05, 0.559367, 0.0615404;
0.00366236, -6.79244e-05, 0.553195, 0.0682107;
0.00372031, -6.6154e-05, 0.54665, 0.0747119;
0.00374857, -6.50925e-05, 0.539734, 0.0811253;
0.0037072, -6.80288e-05, 0.532445, 0.0873447;
0.00359695, -7.7984e-05, 0.524794, 0.0933294;
0.00342921, -9.1635e-05, 0.516799, 0.0990405;
0.00320964, -0.000102951, 0.508482, 0.104373;
0.00293766, -0.000111459, 0.499858, 0.10923;
0.00262086, -0.000118961, 0.490947, 0.113573;
0.00225647, -0.000125012, 0.481756, 0.117382;
0.00183956, -0.000130743, 0.472288, 0.120688;
0.00137655, -0.000135484, 0.462556, 0.123566;
0.000857809, -0.000141201, 0.452565, 0.126073;
0.000276389, -0.00014691, 0.442321, 0.128293;
-0.0003639, -0.000153261, 0.431831, 0.130343;
-0.00106935, -0.00015992, 0.421098, 0.132289;
-0.00184423, -0.000166756, 0.410132, 0.134189;
-0.00312348, -0.00016278, 0.399066, 0.136753;
-0.00384541, -0.000154431, 0.391784, 0.153546;
-0.00369438, -0.000112543, 0.387707, 0.1789;
-0.00298426, -2.22214e-05, 0.384692, 0.204468;
-0.00207704, 0.000107383, 0.381283, 0.225476;
-0.00112538, 0.000233487, 0.377185, 0.243667;
-0.000278945, 0.000350973, 0.372727, 0.258053;
0.000289797, 0.000434264, 0.36811, 0.270774;
0.000526949, 0.0005165, 0.36345, 0.280775;
0.000423525, 0.000613486, 0.358774, 0.288527;
-4.37399e-05, 0.000700758, 0.354155, 0.293721;
-0.000799322, 0.000803359, 0.34951, 0.298117;
-0.00185241, 0.000897421, 0.344907, 0.299855;
-0.00297382, 0.00101132, 0.34244, 0.297644;
-0.00369887, 0.00117578, 0.34191, 0.298983;
-0.00406641, 0.00134061, 0.342575, 0.301583;
-0.00433753, 0.00149885, 0.343662, 0.30433;
-0.0047925, 0.00163729, 0.344851, 0.304548;
-0.00550396, 0.00178714, 0.345981, 0.303707;
-0.00647148, 0.00194597, 0.347164, 0.300995;
-0.00767487, 0.00208306, 0.348432, 0.296607;
-0.0088702, 0.00227008, 0.350023, 0.291703;
-0.0101168, 0.0025214, 0.351894, 0.286401;
-0.0112725, 0.00273848, 0.354115, 0.280567;
-0.0125233, 0.00291908, 0.356623, 0.274342;
-0.0140097, 0.00305368, 0.359278, 0.268201;
-0.0154892, 0.00319696, 0.362082, 0.261695;
-0.0171042, 0.00337714, 0.365132, 0.255276;
-0.0190619, 0.00358193, 0.368329, 0.248524;
-0.0210092, 0.00378279, 0.371623, 0.240427;
-0.0230752, 0.00398112, 0.375123, 0.233159;
-0.0254092, 0.00414951, 0.378859, 0.225748;
-0.0279164, 0.00433514, 0.382588, 0.217474;
-0.0305268, 0.00449939, 0.38627, 0.208733;
-0.0333972, 0.00465503, 0.389878, 0.198751;
-0.0364476, 0.00479634, 0.393262, 0.18652;
-0.0395969, 0.00492386, 0.396297, 0.17166;
-0.0427449, 0.00506081, 0.398908, 0.153796;
-0.045903, 0.00520212, 0.401176, 0.13231;
-0.0487956, 0.00535016, 0.402965, 0.109507;
-0.0514957, 0.00550746, 0.404426, 0.083683;
-0.0540937, 0.00566542, 0.405603, 0.0557352;
-0.0566032, 0.00581875, 0.406481, 0.0259813;
-0.0590562, 0.00595447, 0.407038, -0.00531062;
-0.0613974, 0.00607682, 0.407167, -0.0368179;
-0.0636758, 0.00619219, 0.406877, -0.0690612;
-0.065912, 0.00630129, 0.406174, -0.101676;
-0.0680988, 0.00640107, 0.405057, -0.134338;
-0.0702293, 0.00650365, 0.403491, -0.166793;
-0.0722808, 0.00661275, 0.401492, -0.19898;
-0.0742249, 0.00672553, 0.399072, -0.230768;
-0.0760167, 0.00683313, 0.396277, -0.262071;
-0.0776792, 0.00694182, 0.393127, -0.292922;
-0.0791889, 0.00704723, 0.389666, -0.323396;
-0.0805356, 0.00715275, 0.385912, -0.353467;
-0.0817427, 0.00725621, 0.381866, -0.383232;
-0.082809, 0.00735877, 0.377545, -0.412805;
-0.0837466, 0.00746051, 0.372946, -0.442272;
-0.0845413, 0.00755981, 0.368076, -0.471725;
-0.0852084, 0.00765917, 0.362931, -0.501284;
-0.0857406, 0.00775831, 0.357511, -0.530984;
-0.0861398, 0.00785585, 0.351815, -0.560865;
-0.0863999, 0.00795186, 0.345847, -0.590915;
-0.0865142, 0.00804673, 0.339616, -0.621055;
-0.0864886, 0.00814133, 0.333138, -0.651249;
-0.0863433, 0.00823535, 0.326428, -0.681452;
-0.0860702, 0.00832939, 0.319502, -0.711469;
-0.0856793, 0.00842543, 0.312369, -0.741153;
-0.0851938, 0.00852329, 0.30505, -0.770417;
-0.0846143, 0.00862001, 0.297552, -0.799029;
-0.0839579, 0.00871702, 0.289881, -0.826906;
-0.0837584, 0.00879434, 0.282363, -0.852455;
-0.0832401, 0.00895033, 0.274621, -0.878417;
-0.0827595, 0.00890519, 0.26672, -0.90333;
-0.0829291, 0.00896354, 0.259103, -0.924834;
-0.0831017, 0.00882454, 0.258255, -0.926162;
-0.0830556, 0.00914914, 0.259291, -0.924199;
-0.0840518, 0.00895122, 0.261739, -0.917329;
-0.084406, 0.00857074, 0.264344, -0.913077;
-0.0836696, 0.00828572, 0.265862, -0.912451;
-0.0845675, 0.00855611, 0.268334, -0.905995;
-0.0847473, 0.0082211, 0.270112, -0.90401;
-0.0825897, 0.00886093, 0.269661, -0.912125;
-0.0819304, 0.00985879, 0.269951, -0.91094;
-0.0808246, 0.0102582, 0.270222, -0.9117;
-0.0795949, 0.0112778, 0.269678, -0.911191;
-0.0788923, 0.0108115, 0.269248, -0.909224;
-0.0785634, 0.0107016, 0.269228, -0.905287;
-0.0782796, 0.00980657, 0.26876, -0.90196;
-0.078833, 0.0105326, 0.268382, -0.894929;
-0.0797378, 0.0102282, 0.267793, -0.887385;
-0.0805925, 0.0116982, 0.266996, -0.87917;
-0.0816973, 0.0108212, 0.266043, -0.87012;
-0.0826064, 0.00898061, 0.264987, -0.859707;
-0.083694, 0.0101644, 0.263559, -0.847914;
-0.0843636, 0.0119249, 0.261824, -0.836945;
-0.085063, 0.0113597, 0.259803, -0.825147;
-0.0852263, 0.0107197, 0.257356, -0.814195;
-0.0856995, 0.0107322, 0.254827, -0.802123;
-0.0863443, 0.0107298, 0.251446, -0.79264;
-0.0869256, 0.0118039, 0.248279, -0.783004;
-0.0876293, 0.00933793, 0.245099, -0.772562;
-0.0882526, 0.0103022, 0.241658, -0.762016;
-0.089489, 0.0111027, 0.238283, -0.750992;
-0.0906367, 0.0107804, 0.234981, -0.740419;
-0.090695, 0.0115659, 0.232471, -0.729073;
-0.0900057, 0.0124368, 0.22993, -0.718755;
-0.089403, 0.0129433, 0.227797, -0.705134;
-0.0882384, 0.0146502, 0.225947, -0.692679;
-0.0872939, 0.0143367, 0.224047, -0.678888;
-0.0871731, 0.0143565, 0.222606, -0.663099;
-0.0867106, 0.0144959, 0.221056, -0.649519;
-0.0863475, 0.0150848, 0.219073, -0.634822;
-0.0857198, 0.0159422, 0.217238, -0.620791;
-0.085411, 0.0165905, 0.215275, -0.606528;
-0.0856715, 0.0154549, 0.213697, -0.591008;
-0.0852989, 0.016033, 0.211495, -0.578111;
-0.0849581, 0.0163745, 0.209104, -0.564327;
-0.0848084, 0.0175729, 0.207329, -0.548778;
-0.0846046, 0.0176888, 0.205096, -0.535292;
-0.084396, 0.0176828, 0.202411, -0.523744;
-0.0841797, 0.0177168, 0.19927, -0.51311;
-0.0838957, 0.0178748, 0.195928, -0.50324;
-0.0831726, 0.018164, 0.193076, -0.492547;
-0.0820388, 0.0186198, 0.190668, -0.481691;
-0.0803937, 0.019187, 0.18858, -0.470488;
-0.0783842, 0.0197944, 0.186611, -0.459846;
-0.0763163, 0.0204196, 0.18451, -0.449763;
-0.0738228, 0.0210117, 0.187321, -0.436016;
-0.0706196, 0.0216544, 0.195233, -0.415995;
-0.065949, 0.022343, 0.206155, -0.393697;
-0.0608558, 0.0230702, 0.217603, -0.373054;
-0.0554081, 0.0237773, 0.228446, -0.355093;
-0.0495319, 0.0244144, 0.23895, -0.339636;
-0.0432071, 0.0250044, 0.249545, -0.3255;
-0.036474, 0.0255411, 0.260271, -0.312423;
-0.0292345, 0.0260355, 0.271024, -0.299842;
-0.0217708, 0.0265175, 0.282237, -0.286715;
-0.0143508, 0.0270365, 0.29344, -0.27134;
-0.00677883, 0.0275789, 0.304857, -0.256522;
0.00123361, 0.0281163, 0.316515, -0.241803;
0.00976831, 0.0286801, 0.328239, -0.228149;
0.0187482, 0.0292628, 0.340159, -0.214969;
0.0279182, 0.0298279, 0.352259, -0.200954;
0.037144, 0.0304312, 0.364437, -0.186697;
0.0466862, 0.0310273, 0.376925, -0.173015;
0.0565752, 0.0315479, 0.389285, -0.16036;
0.0668771, 0.0320163, 0.401672, -0.149304;
0.0774031, 0.0325161, 0.413859, -0.139451;
0.0881865, 0.0330201, 0.425866, -0.130841;
0.0992972, 0.0333883, 0.437363, -0.125279;
0.110658, 0.0337233, 0.448693, -0.120065;
0.122063, 0.0340801, 0.459684, -0.115116;
0.133425, 0.0344119, 0.470325, -0.11046;
0.144654, 0.0347382, 0.480536, -0.105629;
0.155663, 0.0350828, 0.490363, -0.100306;
0.16638, 0.0354534, 0.499905, -0.0941921;
0.176846, 0.0358506, 0.509251, -0.0872347;
0.187078, 0.0362628, 0.518438, -0.0798795;
0.197139, 0.036681, 0.527462, -0.0726034;
0.207076, 0.0371, 0.536297, -0.0658543;
0.216919, 0.0375163, 0.544924, -0.0599706;
0.226705, 0.0379345, 0.553355, -0.0551327;
0.236454, 0.0383537, 0.561606, -0.0513426;
0.246181, 0.0387743, 0.569658, -0.0484317;
0.25587, 0.0391962, 0.577501, -0.0463223;
0.265543, 0.0396204, 0.585124, -0.0447068;
0.27521, 0.0400477, 0.592523, -0.043341;
0.284838, 0.0404779, 0.599697, -0.0421224;
0.29443, 0.0409105, 0.606642, -0.0408364;
0.303989, 0.0413463, 0.613355, -0.0393774;
0.313509, 0.0417851, 0.619835, -0.0377101;
0.322991, 0.0422262, 0.626082, -0.0358597;
0.332437, 0.0426689, 0.632089, -0.0338544;
0.341858, 0.0431129, 0.637858, -0.0317689;
0.351255, 0.0435581, 0.643391, -0.0297152;
0.360628, 0.0440037, 0.648692, -0.027796;
0.369978, 0.044451, 0.65377, -0.0261753;
0.379285, 0.0449018, 0.65864, -0.0251443;
0.388566, 0.0453571, 0.663313, -0.0247466;
0.397796, 0.045817, 0.667789, -0.0251253;
0.40695, 0.0462833, 0.672062, -0.0263684;
0.416062, 0.046754, 0.676134, -0.0284531;
0.425091, 0.0472308, 0.679998, -0.0315167;
0.434066, 0.0477127, 0.68365, -0.0354917;
0.442949, 0.0482009, 0.687082, -0.0404639;
0.451789, 0.048694, 0.690289, -0.0464059;
0.46057, 0.0491887, 0.693263, -0.0532837;
0.469304, 0.0496833, 0.695982, -0.061015;
0.478013, 0.0501787, 0.698456, -0.0695734;
0.4867, 0.0506706, 0.700659, -0.0788288;
0.495366, 0.0511593, 0.702577, -0.0887589;
0.504028, 0.0516459, 0.704209, -0.0992485;
0.512702, 0.0521286, 0.705552, -0.110219;
0.521393, 0.052604, 0.706597, -0.121599;
0.530105, 0.0530689, 0.707338, -0.133319;
0.538841, 0.0535276, 0.707772, -0.145366;
0.547608, 0.0539802, 0.707896, -0.157699;
0.556413, 0.0544248, 0.707708, -0.170291;
0.565256, 0.0548577, 0.707206, -0.183145;
0.574144, 0.0552805, 0.706392, -0.196254;
0.583081, 0.0556921, 0.705263, -0.209636;
0.592067, 0.0560901, 0.703819, -0.223304;
0.601109, 0.0564779, 0.702058, -0.237248;
0.610211, 0.0568557, 0.699981, -0.251473;
0.61938, 0.05722, 0.697589, -0.265965;
0.628614, 0.0575714, 0.694883, -0.280723;
0.63792, 0.0579116, 0.691867, -0.295723;
0.647306, 0.0582421, 0.688544, -0.310905;
0.656766, 0.0585601, 0.684914, -0.326246;
0.666305, 0.058866, 0.680986, -0.34169;
0.675934, 0.0591606, 0.676767, -0.357128;
0.685643, 0.0594436, 0.672258, -0.372529;
0.695438, 0.0597162, 0.66747, -0.387814;
0.705311, 0.0599784, 0.662409, -0.402932;
0.715271, 0.0602341, 0.657092, -0.417795;
0.725298, 0.0604835, 0.651501, -0.432341;
0.735402, 0.0607263, 0.645666, -0.446506;
0.745573, 0.0609625, 0.639587, -0.460254;
0.755798, 0.0611931, 0.633259, -0.473544;
0.766077, 0.0614204, 0.626702, -0.486348;
0.776415, 0.0616463, 0.619929, -0.498605;
0.78679, 0.0618699, 0.612916, -0.510282;
0.7972, 0.0620947, 0.605684, -0.521395;
0.807641, 0.0623199, 0.598239, -0.531912;
0.818111, 0.0625429, 0.590586, -0.541779;
0.828599, 0.0627695, 0.582719, -0.551012;
0.839095, 0.0629974, 0.574637, -0.559606;
0.849019, 0.0633515, 0.567103, -0.565124;
0.859144, 0.0636849, 0.559389, -0.571777;
0.869407, 0.0640297, 0.551497, -0.577405;
0.879393, 0.0642036, 0.543456, -0.581485;
0.889381, 0.0647181, 0.535254, -0.585766;
0.900096, 0.0650219, 0.525518, -0.593649;
0.909477, 0.0649577, 0.517254, -0.592406;
0.919425, 0.0650761, 0.508304, -0.59363;
0.929483, 0.0650179, 0.498669, -0.596242;
0.939245, 0.0649221, 0.489402, -0.59587;
0.950845, 0.0651816, 0.476391, -0.605684;
0.96112, 0.0670182, 0.465022, -0.604082;
0.972006, 0.0680027, 0.453257, -0.604409;
0.982618, 0.0672594, 0.441448, -0.602561;
0.993123, 0.0662495, 0.429242, -0.599669;
1.00224, 0.0668232, 0.417811, -0.599221;
1.01102, 0.0670983, 0.406841, -0.602655;
1.01856, 0.0681918, 0.396119, -0.605711;
1.02575, 0.0688417, 0.385385, -0.610536;
1.03264, 0.069317, 0.374417, -0.617125;
1.03928, 0.0694983, 0.363356, -0.623359;
1.046, 0.0705556, 0.352206, -0.629623;
1.05233, 0.0703663, 0.34117, -0.634673;
1.05883, 0.071493, 0.329435, -0.641498;
1.06562, 0.0730676, 0.317335, -0.648937;
1.07236, 0.0728976, 0.304815, -0.656533;
1.07911, 0.0728318, 0.292219, -0.664359;
1.08583, 0.0742542, 0.27918, -0.673465;
1.09185, 0.0741395, 0.266254, -0.681109;
1.09818, 0.0736335, 0.25339, -0.689109;
1.10426, 0.0751043, 0.240029, -0.696281;
1.10959, 0.0754838, 0.231063, -0.687017;
1.11492, 0.0748216, 0.225949, -0.669516;
1.12012, 0.0763273, 0.222994, -0.644915;
1.12504, 0.0754342, 0.220136, -0.623805;
1.13004, 0.0742793, 0.217424, -0.603381;
1.13448, 0.0720556, 0.215079, -0.581187;
1.1391, 0.0728758, 0.212485, -0.563559;
1.14331, 0.0717005, 0.209644, -0.548372;
1.14725, 0.0704264, 0.206485, -0.537076;
1.15076, 0.0684073, 0.203178, -0.527881;
1.15412, 0.0676588, 0.199499, -0.520426;
1.157, 0.0678756, 0.195869, -0.516939;
1.15955, 0.0659239, 0.192175, -0.515492;
1.16132, 0.0648785, 0.190363, -0.506468;
1.16361, 0.0651033, 0.189806, -0.498232;
1.16522, 0.0638594, 0.189517, -0.490399;
1.16684, 0.0617955, 0.18988, -0.482503;
1.16855, 0.0596564, 0.189948, -0.47654;
1.17023, 0.0579169, 0.189741, -0.472272;
1.17177, 0.0566936, 0.189235, -0.468885;
1.17329, 0.0556354, 0.188394, -0.466958;
1.17486, 0.0548629, 0.187702, -0.464279;
1.1765, 0.0542667, 0.187151, -0.460964;
1.17827, 0.0537844, 0.186682, -0.45752;
1.18022, 0.0533353, 0.186231, -0.453537;
1.1824, 0.0529349, 0.189401, -0.445454;
1.18506, 0.0526437, 0.196249, -0.431942;
1.18847, 0.0525684, 0.205556, -0.41598;
1.19261, 0.0524865, 0.215698, -0.400842;
1.19771, 0.0523995, 0.226043, -0.386123;
1.20325, 0.0522895, 0.236318, -0.372282;
1.20916, 0.0521584, 0.246512, -0.359357;
1.21547, 0.0520339, 0.256727, -0.346914;
1.22211, 0.0518929, 0.267176, -0.334275;
1.22895, 0.0517307, 0.277682, -0.3208;
1.23597, 0.0515786, 0.28851, -0.307213;
1.2432, 0.051407, 0.299433, -0.292761;
1.25082, 0.0512563, 0.310518, -0.279521;
1.25896, 0.0510742, 0.321734, -0.267181;
1.26754, 0.0508107, 0.333211, -0.25567;
1.27622, 0.050495, 0.344991, -0.243069;
1.28488, 0.0501527, 0.356971, -0.230557;
1.2938, 0.0498301, 0.369219, -0.219379;
1.30315, 0.0495372, 0.38158, -0.209887;
1.31289, 0.0492365, 0.39388, -0.202132;
1.32306, 0.0488962, 0.406348, -0.195736;
1.33326, 0.0484988, 0.418624, -0.189275;
1.34358, 0.048072, 0.430916, -0.184102;
1.35425, 0.047679, 0.44301, -0.181078;
1.36516, 0.0472461, 0.454953, -0.1785;
1.37625, 0.0467695, 0.466621, -0.176054;
1.38729, 0.0463279, 0.477822, -0.173844;
1.39816, 0.0459026, 0.488499, -0.171303;
1.40877, 0.0454977, 0.498756, -0.167842;
1.41905, 0.0451195, 0.508748, -0.163241;
1.42908, 0.0447564, 0.518554, -0.157378;
1.43886, 0.0444059, 0.528206, -0.150952;
1.44848, 0.0440609, 0.537694, -0.144621;
1.45798, 0.0437247, 0.546986, -0.138992;
1.46739, 0.0433938, 0.55607, -0.134393;
1.47675, 0.0430674, 0.564942, -0.131012;
1.48611, 0.0427474, 0.573593, -0.12871;
1.49545, 0.0424313, 0.582072, -0.12759;
1.50478, 0.042119, 0.590349, -0.127305;
1.51406, 0.0418086, 0.598418, -0.127733;
1.52331, 0.0415007, 0.606258, -0.128463;
1.53254, 0.0411972, 0.613871, -0.129302;
1.54173, 0.0408974, 0.621254, -0.130073;
1.55087, 0.0406003, 0.6284, -0.130644;
1.55997, 0.0403058, 0.6353, -0.130944;
1.56903, 0.040014, 0.641958, -0.131008;
1.57806, 0.0397232, 0.648372, -0.130901;
1.58706, 0.0394335, 0.654542, -0.130686;
1.59604, 0.0391455, 0.660467, -0.130486;
1.60499, 0.03886, 0.66616, -0.130513;
1.61391, 0.0385784, 0.671637, -0.131027;
1.62281, 0.0383026, 0.676912, -0.132136;
1.63166, 0.0380333, 0.681971, -0.133933;
1.64045, 0.0377715, 0.686806, -0.136498;
1.64918, 0.0375162, 0.69144, -0.139989;
1.65784, 0.0372681, 0.695867, -0.144393;
1.66644, 0.0370313, 0.700071, -0.149786;
1.67496, 0.0368043, 0.704055, -0.156185;
1.68341, 0.0365815, 0.707787, -0.163551;
1.69181, 0.036363, 0.71128, -0.171873;
1.70014, 0.0361479, 0.714514, -0.181178;
1.70843, 0.035933, 0.717486, -0.191325;
1.7167, 0.0357164, 0.720183, -0.202258;
1.72496, 0.0354994, 0.722583, -0.213864;
1.73323, 0.0352761, 0.724709, -0.226131;
1.7415, 0.0350457, 0.726538, -0.238895;
1.7498, 0.0348064, 0.728062, -0.252102;
1.75812, 0.0345568, 0.729282, -0.265682;
1.76648, 0.034296, 0.730196, -0.279557;
1.77488, 0.0340216, 0.730796, -0.293686;
1.78333, 0.0337326, 0.731085, -0.308056;
1.79182, 0.0334293, 0.731062, -0.322653;
1.80037, 0.0331124, 0.730725, -0.337485;
1.80898, 0.032783, 0.730075, -0.352559;
1.81765, 0.0324381, 0.729115, -0.367894;
1.82639, 0.0320732, 0.727843, -0.383472;
1.8352, 0.0316896, 0.726261, -0.399319;
1.84408, 0.0312877, 0.724372, -0.415448;
1.85304, 0.0308704, 0.722175, -0.431846;
1.86209, 0.0304355, 0.719677, -0.448487;
1.87121, 0.0299804, 0.716879, -0.465344;
1.88043, 0.0295057, 0.713784, -0.482387;
1.88973, 0.0290117, 0.710402, -0.49956;
1.89913, 0.0284996, 0.706735, -0.516769;
1.90863, 0.0279701, 0.702795, -0.533951;
1.9182, 0.0274234, 0.698584, -0.551092;
1.92787, 0.0268611, 0.694113, -0.568036;
1.93763, 0.0262834, 0.689384, -0.584737;
1.94746, 0.0256937, 0.684411, -0.601193;
1.95738, 0.0250918, 0.679197, -0.617237;
1.96736, 0.0244815, 0.673755, -0.632878;
1.97741, 0.0238609, 0.66808, -0.648036;
1.98751, 0.0232333, 0.662181, -0.662722;
1.99766, 0.0225993, 0.656074, -0.676823;
2.00786, 0.0219612, 0.649749, -0.690378;
2.01809, 0.0213191, 0.643196, -0.703333;
2.02834, 0.0206765, 0.63644, -0.715685;
2.03862, 0.0200364, 0.62948, -0.727415;
2.04892, 0.0193982, 0.622317, -0.738503;
2.05922, 0.0187557, 0.614934, -0.748946;
2.06884, 0.0182491, 0.607904, -0.756427;
2.07863, 0.0177639, 0.600745, -0.764465;
2.08838, 0.0174241, 0.593391, -0.772202;
2.09853, 0.0166118, 0.585337, -0.781329;
2.10857, 0.0162367, 0.577227, -0.788203;
2.11765, 0.0155519, 0.569826, -0.79092;
2.12721, 0.0151445, 0.561569, -0.795951;
2.13671, 0.0145565, 0.552987, -0.80002;
2.14735, 0.0131712, 0.543206, -0.808407;
2.15703, 0.013103, 0.533532, -0.811506;
2.16766, 0.0106178, 0.523423, -0.816739;
2.17784, 0.00731939, 0.512991, -0.81803;
2.18824, 0.00816933, 0.502216, -0.81685;
2.19931, 0.0110386, 0.491688, -0.816892;
2.20992, 0.0106605, 0.480168, -0.820528;
2.22031, 0.0103348, 0.468528, -0.822213;
2.23001, 0.00927774, 0.457634, -0.820583;
2.23944, 0.00835965, 0.446132, -0.819256;
2.24896, 0.00785749, 0.434528, -0.816882;
2.25832, 0.00769483, 0.422831, -0.815476;
2.26819, 0.00688698, 0.410614, -0.816512;
2.27746, 0.00626882, 0.398254, -0.814286;
2.28697, 0.00571442, 0.385819, -0.812969;
2.29598, 0.00441749, 0.373232, -0.810903;
2.3051, 0.00414534, 0.360336, -0.809567;
2.31485, 0.00474398, 0.346932, -0.808594;
2.32444, 0.00374972, 0.333458, -0.806967;
2.33372, 0.00360743, 0.320104, -0.803471;
2.34286, 0.00223163, 0.306217, -0.802739;
2.35184, 0.00162528, 0.292007, -0.798443;
2.36086, 0.00187382, 0.277675, -0.794677;
2.36964, 0.00162822, 0.263495, -0.789994;
2.37873, 0.00112528, 0.24888, -0.786283;
2.38698, 0.00107344, 0.239963, -0.761852;
2.39515, -0.00113099, 0.234904, -0.730722;
2.40334, -0.00473486, 0.231453, -0.695245;
2.41219, -0.00570547, 0.22791, -0.661634;
2.4208, -0.00640913, 0.224784, -0.62806;
2.42979, -0.00995674, 0.221249, -0.598865;
2.43794, -0.0135694, 0.217692, -0.568883;
2.44525, -0.0147967, 0.214061, -0.53958;
2.45173, -0.0163209, 0.21017, -0.51299;
2.45806, -0.0196875, 0.206506, -0.490158;
2.46451, -0.0206737, 0.202314, -0.470193;
2.47083, -0.0228297, 0.197634, -0.453622;
2.47501, -0.0233504, 0.19424, -0.449259;
2.47771, -0.0265317, 0.191327, -0.447479;
2.48085, -0.0283177, 0.187756, -0.448921;
2.48369, -0.0301245, 0.185308, -0.447836;
2.4861, -0.0319213, 0.183842, -0.44533;
2.48843, -0.0337937, 0.182268, -0.445488;
2.49068, -0.0352621, 0.181946, -0.440641;
2.49287, -0.0362518, 0.182079, -0.435401;
2.49512, -0.0368907, 0.182316, -0.430319;
2.49736, -0.037357, 0.182416, -0.425708;
2.49918, -0.0374342, 0.184021, -0.419613;
2.50071, -0.0373659, 0.187883, -0.410497;
2.5029, -0.0370817, 0.195258, -0.399765;
2.5059, -0.0366508, 0.204754, -0.385374;
2.50962, -0.0360679, 0.215045, -0.37347;
2.51378, -0.0353778, 0.225592, -0.361054;
2.51821, -0.034657, 0.235908, -0.349943;
2.52297, -0.0339438, 0.246195, -0.340195;
2.52817, -0.0332328, 0.256508, -0.330729;
2.53386, -0.0325377, 0.266933, -0.321611;
2.53994, -0.0317974, 0.277612, -0.312118;
2.54622, -0.0310343, 0.288302, -0.301639;
2.55269, -0.0302645, 0.299338, -0.290625;
2.55934, -0.0295089, 0.310473, -0.278433;
2.56632, -0.0288411, 0.321764, -0.267031;
2.57376, -0.0281623, 0.33337, -0.255564;
2.58147, -0.0274809, 0.344973, -0.244058;
2.58946, -0.0267603, 0.356884, -0.233559;
2.59763, -0.0260448, 0.368914, -0.22263;
2.60608, -0.0254161, 0.381092, -0.213161;
2.61494, -0.0248245, 0.393437, -0.204955;
2.62404, -0.0242773, 0.405593, -0.198522;
2.6334, -0.0237428, 0.41767, -0.193802;
2.64312, -0.0232582, 0.429595, -0.190728;
2.65313, -0.0227153, 0.4412, -0.190366;
2.66337, -0.0221754, 0.452841, -0.18959;
2.67365, -0.0217368, 0.464157, -0.189064;
2.68387, -0.0212387, 0.474974, -0.189518;
2.69408, -0.0207339, 0.485411, -0.189907;
2.70419, -0.0202215, 0.495505, -0.189683;
2.71408, -0.0196958, 0.505287, -0.188629;
2.72374, -0.0191453, 0.514817, -0.18663;
2.73318, -0.0185771, 0.524147, -0.183991;
2.74242, -0.0180046, 0.533289, -0.181072;
2.75153, -0.0174294, 0.542243, -0.178352;
2.76053, -0.0168533, 0.551004, -0.176239;
2.76944, -0.0162716, 0.559539, -0.174916;
2.77834, -0.0156831, 0.567888, -0.174599;
2.78718, -0.0150851, 0.576026, -0.175317;
2.79599, -0.014481, 0.58396, -0.176925;
2.80478, -0.01387, 0.591659, -0.179213;
2.81356, -0.0132533, 0.599161, -0.182061;
2.82231, -0.0126325, 0.606434, -0.185202;
2.83103, -0.0120066, 0.613478, -0.188494;
2.8397, -0.0113756, 0.620284, -0.191775;
2.84834, -0.010741, 0.626849, -0.194947;
2.85694, -0.0101035, 0.633167, -0.197973;
2.8655, -0.009465, 0.639237, -0.200861;
2.87403, -0.00882591, 0.645059, -0.203662;
2.88253, -0.00818862, 0.650635, -0.206465;
2.891, -0.00755014, 0.655971, -0.209434;
2.89945, -0.0069063, 0.661081, -0.212804;
2.90784, -0.0062562, 0.665963, -0.216723;
2.91621, -0.00560004, 0.670634, -0.221291;
2.92453, -0.00493744, 0.675087, -0.226547;
2.9328, -0.00426775, 0.679307, -0.232624;
2.94097, -0.00359111, 0.683295, -0.23965;
2.9491, -0.00290753, 0.687061, -0.247607;
2.95713, -0.00221963, 0.690574, -0.256539;
2.96512, -0.00152437, 0.693829, -0.266355;
2.97307, -0.000829162, 0.696856, -0.277185;
2.98094, -0.000135442, 0.699593, -0.288967;
2.98877, 0.000556496, 0.702054, -0.301576;
2.99658, 0.00123884, 0.704243, -0.315036;
3.0044, 0.00191063, 0.706151, -0.32919;
3.01221, 0.00257045, 0.707749, -0.343978;
3.02003, 0.00321479, 0.709038, -0.359336;
3.02787, 0.00384297, 0.71002, -0.37515;
3.03575, 0.00445395, 0.71069, -0.391347;
3.04369, 0.00504847, 0.711048, -0.407867;
3.05167, 0.00562513, 0.711098, -0.424691;
3.05971, 0.00617862, 0.710837, -0.441782;
3.06782, 0.00670903, 0.710261, -0.45908;
3.07599, 0.00721432, 0.709373, -0.476596;
3.08424, 0.00769526, 0.708176, -0.494322;
3.09256, 0.00815041, 0.706669, -0.512289;
3.10097, 0.0085811, 0.704856, -0.530495;
3.10945, 0.00898691, 0.70274, -0.548956;
3.11803, 0.00936939, 0.700321, -0.567649;
3.12671, 0.00972621, 0.697603, -0.586556;
3.13548, 0.0100572, 0.694593, -0.605686;
3.14436, 0.0103621, 0.691295, -0.625002;
3.15334, 0.010641, 0.687717, -0.644491;
3.16242, 0.0108964, 0.683863, -0.664057;
3.17161, 0.0111311, 0.679742, -0.683645;
3.18091, 0.0113431, 0.67536, -0.703223;
3.19031, 0.0115363, 0.670727, -0.722705;
3.1998, 0.0117114, 0.665841, -0.742047;
3.2094, 0.0118728, 0.66072, -0.761119;
3.21908, 0.0120209, 0.655371, -0.779863;
3.22886, 0.0121597, 0.649793, -0.798215;
3.23871, 0.0122887, 0.644005, -0.816124;
3.24862, 0.0124081, 0.637999, -0.833598;
3.2586, 0.0125211, 0.631788, -0.850497;
3.26864, 0.0126394, 0.625376, -0.866838;
3.27871, 0.0127562, 0.618755, -0.882572;
3.28883, 0.0128722, 0.61193, -0.897715;
3.29897, 0.0129918, 0.604912, -0.91219;
3.30914, 0.013111, 0.597694, -0.926026;
3.31932, 0.0132404, 0.590278, -0.939181;
3.32951, 0.0133751, 0.582663, -0.951663;
3.33899, 0.0136774, 0.57524, -0.961403;
3.34856, 0.013952, 0.567637, -0.971904;
3.35811, 0.0142795, 0.55993, -0.980661;
3.36816, 0.0144208, 0.55166, -0.993039;
3.37774, 0.0147163, 0.54318, -1.00055;
3.3866, 0.0151367, 0.535112, -1.00558;
3.3969, 0.015086, 0.525895, -1.01704;
3.4055, 0.0154478, 0.517038, -1.02114;
3.41689, 0.015384, 0.506723, -1.03183;
3.42536, 0.0137946, 0.497925, -1.03067;
3.43623, 0.0127489, 0.487882, -1.03757;
3.4461, 0.0111148, 0.477187, -1.03969;
3.45623, 0.013623, 0.466972, -1.04136;
3.46754, 0.0178212, 0.455842, -1.04783;
3.47765, 0.0176289, 0.444382, -1.05473;
3.4876, 0.0172112, 0.432678, -1.06097;
3.49738, 0.0158613, 0.420925, -1.06661;
3.50743, 0.0174937, 0.40862, -1.06977;
3.51732, 0.0180395, 0.396661, -1.07386;
3.52669, 0.0180595, 0.384518, -1.07614;
3.53597, 0.0184676, 0.372332, -1.08066;
3.54526, 0.0200414, 0.3594, -1.08559;
3.55465, 0.0191933, 0.346855, -1.08744;
3.56413, 0.0194693, 0.333784, -1.08963;
3.57333, 0.0200956, 0.320454, -1.09081;
3.5827, 0.0203809, 0.306695, -1.09218;
3.59222, 0.0224946, 0.29237, -1.09777;
3.60008, 0.0204509, 0.284786, -1.08705;
3.60739, 0.0206278, 0.281871, -1.07103;
3.61486, 0.0194596, 0.282588, -1.04838;
3.62194, 0.0183045, 0.283292, -1.02738;
3.62959, 0.0167633, 0.284264, -1.00629;
3.6369, 0.0132453, 0.285491, -0.984462;
3.64467, 0.0126036, 0.285806, -0.965064;
3.65267, 0.0101225, 0.2864, -0.94257;
3.66023, 0.0107185, 0.286497, -0.923046;
3.66781, 0.00870598, 0.286704, -0.902238;
3.67515, 0.0060866, 0.286724, -0.881048;
3.68209, 0.00453129, 0.286622, -0.857946;
3.68957, 0.00292784, 0.286229, -0.834442;
3.69683, 0.00147671, 0.285726, -0.808104;
3.70429, -0.000504541, 0.284962, -0.782542;
3.71175, -0.00261124, 0.284201, -0.754755;
3.71882, -0.00551107, 0.284004, -0.72389;
3.72628, -0.00624028, 0.282831, -0.696216;
3.73351, -0.00785641, 0.282446, -0.665973;
3.74063, -0.00946704, 0.282453, -0.633737;
3.74787, -0.0111743, 0.28182, -0.60286;
3.75567, -0.0128813, 0.280782, -0.573269;
3.76399, -0.0145786, 0.279362, -0.544376;
3.77254, -0.0165306, 0.277656, -0.515146;
3.78123, -0.0184798, 0.275635, -0.486324;
3.79004, -0.0204095, 0.273312, -0.457695;
3.79903, -0.0223359, 0.270764, -0.429307;
3.80822, -0.024267, 0.268009, -0.401;
3.81759, -0.0262126, 0.265061, -0.372947;
3.82554, -0.028239, 0.262262, -0.344836;
3.83295, -0.0303386, 0.259356, -0.319189;
3.84051, -0.0324417, 0.256105, -0.296894;
3.8475, -0.0345072, 0.252828, -0.274343;
3.85376, -0.0365691, 0.249995, -0.252295;
3.85961, -0.0385664, 0.247812, -0.232158;
3.86472, -0.0406512, 0.24615, -0.211924;
3.8697, -0.042857, 0.245109, -0.195179;
3.87422, -0.0451592, 0.244457, -0.179766;
3.87898, -0.0472473, 0.245256, -0.168427;
3.88447, -0.0491532, 0.24785, -0.158614;
3.89071, -0.0506878, 0.25199, -0.150156;
3.89742, -0.0516686, 0.257922, -0.144013;
3.90429, -0.0526149, 0.26449, -0.138418;
3.91134, -0.0533422, 0.271688, -0.13571;
3.91838, -0.0540795, 0.279976, -0.132356;
3.92532, -0.0549143, 0.28909, -0.126702;
3.93244, -0.0559177, 0.299067, -0.121545;
3.94013, -0.0570069, 0.309697, -0.116108;
3.94845, -0.0580898, 0.321115, -0.110118;
3.95692, -0.0592565, 0.333237, -0.100508;
3.96529, -0.0604057, 0.345903, -0.0893569;
3.97402, -0.0615813, 0.359152, -0.0778509;
3.98333, -0.062801, 0.372661, -0.066789;
3.99333, -0.0640864, 0.386605, -0.0553673;
4.00345, -0.0653337, 0.400193, -0.0437865;
4.01382, -0.0665281, 0.413867, -0.032796;
4.0246, -0.0676369, 0.427304, -0.0233022;
4.03567, -0.0686319, 0.440353, -0.0145946;
4.04672, -0.0695978, 0.452764, -0.00701641;
4.05755, -0.0705497, 0.464549, 0.000538923;
4.06798, -0.0715767, 0.475905, 0.00857796;
4.078, -0.072704, 0.48704, 0.017929;
4.08764, -0.0739187, 0.498128, 0.0284832;
4.09696, -0.0751913, 0.50922, 0.0395841;
4.10605, -0.0764745, 0.520283, 0.0503691;
4.11497, -0.0777581, 0.531215, 0.0600998;
4.12379, -0.0790447, 0.541977, 0.0681687;
4.13258, -0.0803373, 0.552569, 0.0743727;
4.14136, -0.0816431, 0.562955, 0.0788062;
4.15014, -0.0829602, 0.573133, 0.0816801;
4.159, -0.0842782, 0.583103, 0.0834604;
4.16789, -0.0855943, 0.592838, 0.084631;
4.17681, -0.0869063, 0.602337, 0.0856012;
4.18574, -0.0882155, 0.611594, 0.0867731;
4.19464, -0.0895235, 0.620606, 0.0884349;
4.20351, -0.0908324, 0.629367, 0.0908179;
4.21233, -0.0921405, 0.637886, 0.0939093;
4.2211, -0.0934479, 0.646151, 0.0976471;
4.22983, -0.0947542, 0.654171, 0.101827;
4.23854, -0.0960619, 0.661968, 0.106051;
4.24723, -0.0973729, 0.66955, 0.110067;
4.25591, -0.09869, 0.676922, 0.113651;
4.26457, -0.100016, 0.68409, 0.116558;
4.27322, -0.101353, 0.691064, 0.118627;
4.28183, -0.102705, 0.697846, 0.119702;
4.29038, -0.104075, 0.704441, 0.119642;
4.29887, -0.105461, 0.710842, 0.118456;
4.3073, -0.106864, 0.717048, 0.116113;
4.31565, -0.10828, 0.723044, 0.112592;
4.32395, -0.109708, 0.728832, 0.107986;
4.33218, -0.111142, 0.734387, 0.102347;
4.34036, -0.112579, 0.739687, 0.0958453;
4.34853, -0.114013, 0.744726, 0.0885806;
4.35667, -0.115432, 0.749489, 0.0806795;
4.36481, -0.116837, 0.753967, 0.0722336;
4.37297, -0.118225, 0.758148, 0.0634266;
4.38114, -0.119595, 0.762028, 0.0543384;
4.38934, -0.120942, 0.7656, 0.0450859;
4.39757, -0.122266, 0.768863, 0.0357317;
4.40583, -0.123568, 0.771815, 0.0263248;
4.41413, -0.124844, 0.774455, 0.016897;
4.42246, -0.12609, 0.776785, 0.00742329;
