0, 0, 0.68152, -0;
-1.25165e-09, -1.52479e-11, 0.681275, -3.53745e-09;
-3.67766e-05, 5.82462e-07, 0.681045, -0.00224734;
-8.56928e-05, -1.42625e-06, 0.680419, -0.00295487;
-0.000104582, -2.44708e-06, 0.67939, -0.00351614;
-0.000109369, -2.51126e-06, 0.678068, -0.00426571;
-0.000115064, -1.38959e-06, 0.676505, -0.00499767;
-0.000123238, -2.12433e-07, 0.674726, -0.00559702;
-0.000123454, 3.05348e-07, 0.672727, -0.00598003;
-0.000116868, 8.08228e-09, 0.670501, -0.00613512;
-0.000103481, -1.18566e-06, 0.668047, -0.0060778;
-8.81862e-05, -1.35357e-06, 0.665364, -0.00582772;
-7.11601e-05, -1.13182e-06, 0.662448, -0.0054189;
-5.41273e-05, -7.73634e-07, 0.659295, -0.00489543;
-3.64615e-05, -2.11058e-07, 0.655899, -0.00430548;
-1.78286e-05, 3.47835e-07, 0.652253, -0.00369797;
-4.26387e-07, 4.59028e-07, 0.648356, -0.00312173;
1.69406e-05, 6.00911e-07, 0.644202, -0.00260144;
3.49239e-05, 6.55906e-07, 0.639793, -0.0021619;
5.35912e-05, 4.11268e-07, 0.63513, -0.00180826;
7.36372e-05, 1.41338e-07, 0.630212, -0.00152738;
9.56287e-05, -1.88189e-09, 0.625044, -0.00130134;
0.000120436, 2.0271e-07, 0.619625, -0.00110272;
0.000148357, 2.72299e-07, 0.613959, -0.000901194;
0.000178562, 5.83597e-08, 0.608048, -0.000666882;
-0.000654183, -9.88692e-06, 0.603074, -0.00899662;
-0.00209443, 2.36996e-06, 0.598845, -0.0222876;
-0.00379784, 2.70573e-05, 0.594646, -0.036282;
-0.0054536, 5.50724e-05, 0.590001, -0.0482938;
-0.00714202, 8.00058e-05, 0.584897, -0.0587623;
-0.00895375, 0.000108835, 0.579508, -0.0688767;
-0.0107959, 0.0001402, 0.573934, -0.078486;
-0.0126565, 0.00017277, 0.56817, -0.0878601;
-0.0145247, 0.000201974, 0.562156, -0.0970014;
-0.0163506, 0.000226865, 0.555878, -0.106077;
-0.0181062, 0.000251927, 0.549333, -0.115237;
-0.0198176, 0.000277222, 0.542539, -0.124755;
-0.0214602, 0.000303566, 0.535508, -0.134667;
-0.0230484, 0.000332776, 0.528236, -0.144975;
-0.0246051, 0.000360437, 0.520717, -0.155659;
-0.0261343, 0.00038844, 0.512943, -0.166575;
-0.0276492, 0.000416789, 0.504908, -0.177609;
-0.0291639, 0.000444576, 0.496603, -0.188618;
-0.0306867, 0.000471987, 0.488024, -0.199482;
-0.0322257, 0.000498951, 0.479172, -0.210139;
-0.0337734, 0.000525099, 0.470051, -0.220504;
-0.0353375, 0.000551783, 0.460665, -0.230603;
-0.0369151, 0.000578055, 0.451018, -0.240436;
-0.038497, 0.000604149, 0.44111, -0.250027;
-0.0400746, 0.000631446, 0.430949, -0.259438;
-0.041648, 0.00065811, 0.420536, -0.268729;
-0.0432012, 0.000684904, 0.409875, -0.277951;
-0.0447332, 0.000711354, 0.398965, -0.28716;
-0.0481477, 0.000746446, 0.389821, -0.291843;
-0.0530713, 0.000746094, 0.38215, -0.297522;
-0.0586599, 0.000729501, 0.375389, -0.303835;
-0.0642112, 0.000686507, 0.368725, -0.309225;
-0.0700365, 0.000642313, 0.362108, -0.314242;
-0.0758085, 0.000637067, 0.355695, -0.319984;
-0.0815956, 0.000641027, 0.349394, -0.325481;
-0.0872665, 0.000629894, 0.343177, -0.331995;
-0.0927467, 0.000619704, 0.337152, -0.339124;
-0.0982336, 0.000624011, 0.331177, -0.345909;
-0.103546, 0.000667955, 0.325347, -0.353712;
-0.108709, 0.000743976, 0.319799, -0.361966;
-0.113857, 0.000834556, 0.314318, -0.369959;
-0.118822, 0.000881467, 0.309043, -0.378922;
-0.123596, 0.000918894, 0.304163, -0.387481;
-0.12736, 0.000999132, 0.303023, -0.388935;
-0.130038, 0.00103078, 0.304043, -0.38799;
-0.131842, 0.00103009, 0.305775, -0.389372;
-0.132992, 0.000984423, 0.307485, -0.391579;
-0.134009, 0.000914925, 0.30928, -0.393578;
-0.135147, 0.000834572, 0.311085, -0.39513;
-0.136302, 0.000713209, 0.313078, -0.396532;
-0.137365, 0.000551995, 0.315262, -0.397762;
-0.138343, 0.000389053, 0.317666, -0.398604;
-0.139337, 0.000252121, 0.320075, -0.399414;
-0.140294, 0.000152063, 0.322588, -0.400931;
-0.141153, 7.00591e-05, 0.325294, -0.40247;
-0.142096, 3.24166e-06, 0.328059, -0.404361;
-0.143057, -8.13807e-05, 0.330906, -0.406965;
-0.143978, -0.000184515, 0.33393, -0.410023;
-0.144996, -0.000294727, 0.337001, -0.413138;
-0.146095, -0.000379069, 0.340135, -0.416764;
-0.147207, -0.000442124, 0.343319, -0.420743;
-0.148334, -0.000494985, 0.346509, -0.425076;
-0.149479, -0.000539819, 0.34965, -0.429767;
-0.150681, -0.00059651, 0.35269, -0.434471;
-0.151982, -0.000666785, 0.355614, -0.438997;
-0.153324, -0.000737838, 0.358417, -0.443704;
-0.154668, -0.000807266, 0.361031, -0.448553;
-0.156, -0.000873471, 0.363389, -0.453659;
-0.15732, -0.000937278, 0.365459, -0.458955;
-0.158643, -0.00100076, 0.367217, -0.464379;
-0.159981, -0.00106501, 0.368658, -0.469912;
-0.161328, -0.00112873, 0.369781, -0.475496;
-0.162673, -0.00119198, 0.370588, -0.481122;
-0.164006, -0.00125598, 0.371096, -0.486782;
-0.165325, -0.00132094, 0.371322, -0.492483;
-0.16662, -0.00138618, 0.371284, -0.498164;
-0.167892, -0.00145102, 0.370998, -0.503772;
-0.169139, -0.00151489, 0.37048, -0.509219;
-0.170368, -0.00157832, 0.369735, -0.514429;
-0.172297, -0.00164653, 0.369139, -0.523638;
-0.174534, -0.00171037, 0.368459, -0.534506;
-0.176614, -0.00178595, 0.36758, -0.545306;
-0.178536, -0.00186445, 0.366369, -0.55585;
-0.180392, -0.00194204, 0.364851, -0.566468;
-0.182292, -0.00200901, 0.363021, -0.576985;
-0.184232, -0.0020888, 0.360928, -0.587777;
-0.186175, -0.00216346, 0.358549, -0.598822;
-0.188073, -0.00223598, 0.355884, -0.609546;
-0.189947, -0.00230861, 0.352931, -0.619737;
-0.191824, -0.00238559, 0.349708, -0.629397;
-0.193718, -0.00246286, 0.346214, -0.638321;
-0.195646, -0.00253909, 0.342466, -0.646523;
-0.197613, -0.00261302, 0.338485, -0.654027;
-0.199609, -0.0026885, 0.334279, -0.660799;
-0.201639, -0.0027623, 0.329843, -0.666944;
-0.203699, -0.00283907, 0.325175, -0.672562;
-0.205755, -0.00291713, 0.320283, -0.677701;
-0.207797, -0.00299507, 0.315176, -0.68254;
-0.209455, -0.00303391, 0.312504, -0.684069;
-0.210312, -0.00292934, 0.311646, -0.684408;
-0.210243, -0.00282052, 0.312715, -0.68391;
-0.209494, -0.00278488, 0.315146, -0.681886;
-0.208272, -0.00277603, 0.318113, -0.680728;
-0.206785, -0.00279959, 0.320821, -0.679189;
-0.205355, -0.00280542, 0.32323, -0.677085;
-0.204059, -0.00278951, 0.325394, -0.674228;
-0.202829, -0.00276711, 0.32733, -0.670625;
-0.201605, -0.00274489, 0.329039, -0.666482;
-0.200362, -0.00272618, 0.330512, -0.662029;
-0.1991, -0.00270773, 0.33174, -0.65745;
-0.197658, -0.00268985, 0.332514, -0.654048;
-0.196073, -0.00266575, 0.333034, -0.651388;
-0.194378, -0.00264307, 0.33341, -0.649091;
-0.19231, -0.00256325, 0.334471, -0.647123;
-0.189866, -0.00246299, 0.336112, -0.645334;
-0.186998, -0.0023664, 0.337871, -0.643803;
-0.183947, -0.00224939, 0.339832, -0.642533;
-0.180848, -0.00212866, 0.341848, -0.640899;
-0.177767, -0.00200386, 0.343821, -0.639154;
-0.174697, -0.00187456, 0.345751, -0.637281;
-0.171617, -0.00174201, 0.347677, -0.635224;
-0.168502, -0.00161566, 0.349628, -0.633075;
-0.165355, -0.00148769, 0.351625, -0.630851;
-0.162158, -0.00135888, 0.353741, -0.628411;
-0.159067, -0.00122097, 0.355959, -0.625418;
-0.156115, -0.00109594, 0.358232, -0.622121;
-0.153178, -0.000958814, 0.360695, -0.619035;
-0.150212, -0.000824457, 0.363334, -0.61603;
-0.147166, -0.000715221, 0.366224, -0.613186;
-0.144255, -0.000611307, 0.3692, -0.609865;
-0.141417, -0.000536492, 0.372389, -0.60671;
-0.13861, -0.000478859, 0.375858, -0.603373;
-0.135944, -0.000411926, 0.379444, -0.599318;
-0.133336, -0.000319971, 0.383183, -0.595443;
-0.130689, -0.000200618, 0.387069, -0.591663;
-0.127996, -6.70351e-05, 0.391097, -0.587839;
-0.125435, 4.93128e-05, 0.395171, -0.583227;
-0.122936, 0.000125448, 0.399376, -0.578657;
-0.120514, 0.000199372, 0.403604, -0.573605;
-0.118052, 0.000302067, 0.407812, -0.569119;
-0.115473, 0.00042725, 0.412012, -0.564973;
-0.112922, 0.000533392, 0.416127, -0.560677;
-0.11037, 0.000617832, 0.42019, -0.556698;
-0.107854, 0.000702068, 0.424154, -0.552525;
-0.105318, 0.000806825, 0.427984, -0.548838;
-0.102726, 0.000918856, 0.431666, -0.545482;
-0.100167, 0.00102229, 0.435168, -0.542154;
-0.0976283, 0.0011094, 0.4385, -0.539056;
-0.0951279, 0.00119045, 0.441635, -0.536009;
-0.0926552, 0.00127348, 0.444539, -0.533206;
-0.0902123, 0.00136041, 0.447175, -0.530661;
-0.0878069, 0.00144839, 0.449526, -0.528367;
-0.085446, 0.00153643, 0.451594, -0.52631;
-0.0831269, 0.001624, 0.45339, -0.524515;
-0.0808475, 0.00171029, 0.454913, -0.523002;
-0.0786027, 0.00179255, 0.456181, -0.521875;
-0.0763823, 0.00187232, 0.457226, -0.52131;
-0.0741715, 0.00195217, 0.458072, -0.521377;
-0.0719768, 0.00203385, 0.458723, -0.522148;
-0.0697822, 0.002118, 0.459194, -0.523606;
-0.0675779, 0.00220315, 0.459474, -0.525715;
-0.0653684, 0.00228882, 0.459591, -0.528575;
-0.0631582, 0.00237475, 0.459527, -0.5321;
-0.0609426, 0.00245838, 0.459251, -0.536263;
-0.0587221, 0.0025427, 0.458784, -0.541048;
-0.0564955, 0.00262799, 0.458084, -0.546348;
-0.054265, 0.00271501, 0.45716, -0.552207;
-0.0520247, 0.00279966, 0.456001, -0.558533;
-0.049771, 0.00288353, 0.454598, -0.565272;
-0.0475094, 0.00296755, 0.452934, -0.572393;
-0.0452249, 0.00305217, 0.451016, -0.579836;
-0.0429185, 0.0031365, 0.44884, -0.587557;
-0.0405846, 0.00322216, 0.446407, -0.595507;
-0.0382223, 0.00330861, 0.443718, -0.603623;
-0.0358289, 0.00339619, 0.440775, -0.611848;
-0.0334036, 0.00348446, 0.437578, -0.620122;
-0.0309487, 0.0035732, 0.434127, -0.62838;
-0.0284664, 0.00366195, 0.430421, -0.636577;
-0.0259525, 0.0037513, 0.426462, -0.644622;
-0.0234149, 0.0038409, 0.422244, -0.652475;
-0.0208556, 0.00393042, 0.417758, -0.660088;
-0.0182765, 0.0040212, 0.413011, -0.66741;
-0.0156817, 0.00411179, 0.407995, -0.674389;
-0.0130789, 0.00420129, 0.402705, -0.681011;
-0.0104592, 0.00429046, 0.397154, -0.687198;
-0.00783004, 0.00437935, 0.391332, -0.692915;
-0.00520707, 0.0044673, 0.385227, -0.698149;
-0.00258183, 0.00455597, 0.378855, -0.702873;
4.98649e-05, 0.00464462, 0.372227, -0.706995;
0.00267524, 0.00473326, 0.36532, -0.710504;
0.00528682, 0.004821, 0.35815, -0.713405;
0.00788558, 0.00491008, 0.35072, -0.715677;
0.0104588, 0.00499963, 0.343019, -0.717271;
0.0130115, 0.00508716, 0.335067, -0.718196;
0.0155483, 0.0051719, 0.326863, -0.718399;
0.0180648, 0.00525453, 0.318394, -0.717856;
0.0205477, 0.00533785, 0.30966, -0.716636;
0.0227316, 0.00552172, 0.305198, -0.707737;
0.0239776, 0.00573975, 0.305738, -0.701197;
0.0245329, 0.0058941, 0.308633, -0.697735;
0.0252092, 0.00585475, 0.311525, -0.695426;
0.0261639, 0.00569519, 0.314015, -0.692367;
0.027156, 0.00556201, 0.315896, -0.688401;
0.0280426, 0.00547992, 0.317377, -0.68434;
0.0288517, 0.00542851, 0.318608, -0.680193;
0.0296131, 0.00539766, 0.319557, -0.67595;
0.0303853, 0.0053738, 0.320283, -0.671619;
0.0311905, 0.00534756, 0.320848, -0.666972;
0.0320269, 0.00531712, 0.321284, -0.662003;
0.0328731, 0.00527913, 0.321593, -0.656733;
0.0337175, 0.00524154, 0.321767, -0.651258;
0.034572, 0.00520248, 0.3218, -0.645607;
0.0354358, 0.0051627, 0.321658, -0.639833;
0.0363204, 0.00512151, 0.321327, -0.633972;
0.0372328, 0.00508472, 0.320769, -0.628041;
0.0381767, 0.00505038, 0.319962, -0.622024;
0.0391504, 0.00501627, 0.318882, -0.615942;
0.0406378, 0.0050193, 0.318482, -0.610502;
0.0428434, 0.00498198, 0.318902, -0.605319;
0.0456922, 0.00488468, 0.32033, -0.599077;
0.0492278, 0.00482623, 0.322322, -0.593533;
0.0528683, 0.00472016, 0.324251, -0.58752;
0.0567626, 0.00460611, 0.326259, -0.582552;
0.0607641, 0.0044885, 0.328164, -0.576971;
0.0648353, 0.00438077, 0.329919, -0.571475;
0.068976, 0.00427994, 0.331563, -0.566092;
0.0731671, 0.00420511, 0.333219, -0.560456;
0.0773615, 0.00411679, 0.334811, -0.554559;
0.081608, 0.00405218, 0.336416, -0.549084;
0.0859314, 0.00398346, 0.338177, -0.543543;
0.0902323, 0.00391834, 0.339974, -0.537871;
0.094518, 0.00383716, 0.341909, -0.532702;
0.0988409, 0.00371957, 0.344043, -0.527715;
0.103233, 0.00358616, 0.346385, -0.522838;
0.107628, 0.0034604, 0.348996, -0.518078;
0.111878, 0.00334566, 0.351785, -0.512562;
0.116079, 0.00325317, 0.354889, -0.506927;
0.120176, 0.00316949, 0.358169, -0.50042;
0.124249, 0.00306438, 0.361691, -0.494297;
0.128407, 0.00293818, 0.365419, -0.488387;
0.132654, 0.00280941, 0.369418, -0.482408;
0.136823, 0.00267785, 0.373604, -0.475319;
0.140813, 0.00255621, 0.377935, -0.467398;
0.144856, 0.00242145, 0.382468, -0.45982;
0.149074, 0.00226679, 0.387084, -0.452967;
0.153468, 0.00209412, 0.391708, -0.446776;
0.157966, 0.00192654, 0.396414, -0.440749;
0.162368, 0.00178822, 0.401275, -0.433423;
0.166574, 0.00166441, 0.406252, -0.425309;
0.170811, 0.00152847, 0.41128, -0.417701;
0.175227, 0.00136389, 0.416217, -0.410984;
0.179809, 0.00118767, 0.420994, -0.405144;
0.184488, 0.00100826, 0.425641, -0.40005;
0.189134, 0.000814605, 0.430214, -0.394605;
0.193691, 0.000622403, 0.434719, -0.388794;
0.198232, 0.000443871, 0.439087, -0.383244;
0.202804, 0.000275582, 0.44324, -0.378006;
0.207387, 0.000106924, 0.447124, -0.373221;
0.211943, -6.54348e-05, 0.450727, -0.368629;
0.216432, -0.000242213, 0.45405, -0.364201;
0.220843, -0.000418319, 0.457083, -0.359894;
0.225184, -0.000594821, 0.459824, -0.355739;
0.229461, -0.000768362, 0.462294, -0.351844;
0.23369, -0.000939783, 0.464509, -0.348357;
0.237897, -0.00111139, 0.46651, -0.345476;
0.242081, -0.0012864, 0.468302, -0.343315;
0.246279, -0.0014648, 0.469898, -0.341842;
0.250512, -0.00164551, 0.471345, -0.341182;
0.254773, -0.00182861, 0.472614, -0.341232;
0.259029, -0.00201301, 0.4737, -0.342086;
0.263321, -0.00219723, 0.474614, -0.343603;
0.267645, -0.00238294, 0.475347, -0.345682;
0.271989, -0.00256944, 0.475875, -0.3483;
0.27633, -0.00275535, 0.476172, -0.351401;
0.280691, -0.00294066, 0.476241, -0.354914;
0.285063, -0.00312603, 0.476078, -0.35882;
0.289439, -0.00331053, 0.475663, -0.363061;
0.293824, -0.00349373, 0.474987, -0.367606;
0.298225, -0.00367614, 0.474047, -0.372404;
0.302647, -0.003857, 0.472842, -0.377434;
0.307089, -0.00403651, 0.471372, -0.382672;
0.311561, -0.00421678, 0.469639, -0.388059;
0.316066, -0.0043969, 0.467644, -0.393543;
0.320605, -0.0045765, 0.465387, -0.399072;
0.325177, -0.00475534, 0.462869, -0.404577;
0.32978, -0.00493305, 0.460091, -0.41;
0.334413, -0.00510992, 0.45705, -0.415266;
0.339065, -0.00528678, 0.453739, -0.420329;
0.343734, -0.00546201, 0.450164, -0.425138;
0.348432, -0.00563543, 0.446322, -0.429563;
0.353139, -0.00580801, 0.442215, -0.433637;
0.357852, -0.00598084, 0.437821, -0.437272;
0.362565, -0.00615114, 0.43315, -0.440472;
0.365684, -0.0062753, 0.42935, -0.455948;
0.367921, -0.00630982, 0.426228, -0.477426;
0.369826, -0.00632119, 0.422729, -0.499039;
0.371968, -0.00627939, 0.419009, -0.520132;
0.374167, -0.00625355, 0.414972, -0.540084;
0.376323, -0.00625313, 0.410566, -0.55888;
0.378343, -0.00627245, 0.405731, -0.576911;
0.380276, -0.00628572, 0.400598, -0.594501;
0.382209, -0.00628358, 0.395149, -0.611089;
0.384153, -0.0062585, 0.389459, -0.62696;
0.386126, -0.00622609, 0.383542, -0.642069;
0.388127, -0.0061949, 0.377395, -0.65654;
0.390154, -0.00617547, 0.371028, -0.670595;
0.392204, -0.00615832, 0.364446, -0.684447;
0.394278, -0.00615507, 0.357646, -0.698154;
0.396391, -0.00615582, 0.350604, -0.711736;
0.398546, -0.0061532, 0.343318, -0.72524;
0.400744, -0.00614962, 0.335779, -0.738683;
0.402988, -0.00614501, 0.327976, -0.752022;
0.405271, -0.00613976, 0.319907, -0.765253;
0.407594, -0.00613515, 0.311567, -0.778311;
0.408889, -0.00609923, 0.307466, -0.778887;
0.410043, -0.00598462, 0.307212, -0.773061;
0.411575, -0.00592407, 0.309329, -0.765029;
0.413536, -0.00606482, 0.311929, -0.75683;
0.416025, -0.00628136, 0.31447, -0.75067;
0.418599, -0.0065425, 0.316674, -0.74441;
0.421116, -0.00676125, 0.318542, -0.73804;
0.423584, -0.0069518, 0.320148, -0.731289;
0.426035, -0.00713308, 0.321578, -0.724022;
0.428475, -0.00730133, 0.322832, -0.716277;
0.430892, -0.00747213, 0.323937, -0.708046;
0.43328, -0.00764305, 0.324878, -0.69933;
0.435657, -0.00781421, 0.325645, -0.690211;
0.43804, -0.00799567, 0.326222, -0.680781;
0.440446, -0.00818076, 0.326593, -0.671206;
0.44289, -0.0083689, 0.32673, -0.661608;
0.445908, -0.00853328, 0.327254, -0.65413;
0.449534, -0.00873312, 0.32836, -0.646314;
0.453691, -0.0089083, 0.329954, -0.639271;
0.458167, -0.00905179, 0.331695, -0.63266;
0.462797, -0.00919388, 0.333587, -0.626132;
0.467463, -0.00933229, 0.335322, -0.619337;
0.4721, -0.00949965, 0.336943, -0.612513;
0.476757, -0.00967502, 0.338524, -0.605604;
0.481464, -0.00984571, 0.340089, -0.598576;
0.486212, -0.00999563, 0.341725, -0.591568;
0.490913, -0.0101472, 0.343386, -0.584029;
0.495532, -0.0102853, 0.345058, -0.576445;
0.50017, -0.0104467, 0.346852, -0.56934;
0.504886, -0.0106199, 0.34881, -0.562524;
0.509656, -0.0107922, 0.350922, -0.556008;
0.514462, -0.0109739, 0.353322, -0.549505;
0.519163, -0.0111579, 0.355908, -0.542245;
0.523624, -0.0113, 0.358654, -0.534501;
0.528046, -0.0114374, 0.361691, -0.526701;
0.532505, -0.0115808, 0.364965, -0.519332;
0.53712, -0.0117287, 0.368502, -0.511999;
0.541615, -0.0118652, 0.372168, -0.504036;
0.546056, -0.0119642, 0.376037, -0.496243;
0.550573, -0.0120286, 0.380072, -0.488505;
0.555149, -0.0120912, 0.384317, -0.480741;
0.559614, -0.0121731, 0.388682, -0.472048;
0.564079, -0.0122808, 0.393238, -0.463349;
0.568466, -0.012382, 0.397899, -0.453997;
0.572935, -0.012432, 0.402592, -0.445354;
0.57756, -0.0124499, 0.407316, -0.43725;
0.5822, -0.0124933, 0.411993, -0.429013;
0.586887, -0.0125732, 0.416677, -0.421235;
0.591538, -0.012651, 0.421316, -0.41331;
0.596226, -0.0127021, 0.42587, -0.405957;
0.601, -0.0127548, 0.430299, -0.398988;
0.605791, -0.0128187, 0.434565, -0.392228;
0.610547, -0.0128899, 0.438658, -0.385564;
0.61529, -0.0129578, 0.442557, -0.379155;
0.620033, -0.0130177, 0.44622, -0.372974;
0.624746, -0.0130719, 0.449609, -0.367012;
0.629405, -0.0131248, 0.452705, -0.361217;
0.633997, -0.0131802, 0.455522, -0.355645;
0.638523, -0.0132344, 0.45808, -0.350464;
0.642985, -0.0132892, 0.460391, -0.345815;
0.647405, -0.0133428, 0.462468, -0.341788;
0.651811, -0.013397, 0.464342, -0.338494;
0.656231, -0.0134539, 0.466011, -0.335935;
0.660642, -0.0135127, 0.467487, -0.334317;
0.66508, -0.0135731, 0.468767, -0.333431;
0.669579, -0.0136333, 0.469892, -0.333308;
0.674091, -0.0136947, 0.470816, -0.333829;
0.678645, -0.0137564, 0.471548, -0.334911;
0.68324, -0.0138181, 0.47209, -0.336453;
0.687851, -0.0138795, 0.47241, -0.338378;
0.692486, -0.0139408, 0.472497, -0.34057;
0.697138, -0.0140024, 0.472342, -0.343001;
0.701804, -0.0140639, 0.471934, -0.345615;
0.706485, -0.014124, 0.471264, -0.348377;
0.711185, -0.0141848, 0.47033, -0.351272;
0.715908, -0.0142459, 0.469127, -0.354271;
0.720655, -0.0143063, 0.467653, -0.357357;
0.72543, -0.0143665, 0.465909, -0.360502;
0.730238, -0.0144272, 0.46389, -0.363666;
0.735078, -0.0144878, 0.4616, -0.366814;
0.739955, -0.0145491, 0.459042, -0.369874;
0.744861, -0.0146109, 0.456212, -0.372804;
0.749801, -0.014673, 0.453119, -0.37553;
0.754756, -0.0147344, 0.449748, -0.37799;
0.759743, -0.0147962, 0.446111, -0.380079;
0.762829, -0.0148574, 0.443756, -0.39703;
0.764999, -0.0148738, 0.44211, -0.419596;
0.767148, -0.0148839, 0.440123, -0.441497;
0.769263, -0.0148781, 0.437528, -0.462998;
0.771473, -0.0148575, 0.434472, -0.483284;
0.773649, -0.0148353, 0.431145, -0.503162;
0.775848, -0.014815, 0.427542, -0.522218;
0.777983, -0.0148013, 0.423647, -0.540842;
0.780079, -0.0147906, 0.419435, -0.558914;
0.782188, -0.0147857, 0.414943, -0.57626;
0.784329, -0.0147846, 0.410191, -0.592879;
0.786495, -0.0147806, 0.405199, -0.608813;
0.788667, -0.014775, 0.399971, -0.62414;
0.790848, -0.0147664, 0.39451, -0.638822;
0.793031, -0.0147552, 0.388799, -0.652989;
0.795233, -0.0147432, 0.382853, -0.666775;
0.797447, -0.0147313, 0.376666, -0.680298;
0.79968, -0.0147235, 0.370213, -0.693534;
0.801946, -0.0147182, 0.363498, -0.706546;
0.804245, -0.0147146, 0.35652, -0.719378;
0.806581, -0.0147108, 0.349271, -0.732043;
0.808958, -0.0147076, 0.341756, -0.744533;
0.811373, -0.0147048, 0.333973, -0.756874;
0.813823, -0.0147012, 0.325936, -0.769069;
0.816305, -0.014698, 0.317643, -0.781078;
0.818821, -0.0146949, 0.309109, -0.79289;
0.820544, -0.0145726, 0.305585, -0.793345;
0.822057, -0.0144165, 0.306234, -0.787031;
0.824285, -0.0143887, 0.309476, -0.777517;
0.827093, -0.0144695, 0.313188, -0.768671;
0.830109, -0.0146575, 0.316512, -0.761479;
0.833089, -0.0148675, 0.319391, -0.754375;
0.835977, -0.0150502, 0.321974, -0.746927;
0.838823, -0.0151986, 0.324334, -0.739076;
0.841676, -0.0153318, 0.326493, -0.730828;
0.844542, -0.0154576, 0.328454, -0.722211;
0.847409, -0.015584, 0.330233, -0.713212;
0.850268, -0.0157109, 0.331822, -0.703912;
0.853133, -0.0158406, 0.333229, -0.694336;
0.856014, -0.0159745, 0.334433, -0.684634;
0.858927, -0.0161124, 0.335421, -0.674882;
0.86188, -0.0162515, 0.336165, -0.665189;
0.864877, -0.0163876, 0.336645, -0.655631;
0.867967, -0.0165276, 0.336608, -0.647012;
0.871128, -0.0166622, 0.336356, -0.63913;
0.874392, -0.0167891, 0.336028, -0.631614;
0.877818, -0.0169123, 0.335592, -0.624925;
0.881519, -0.0169862, 0.33582, -0.618396;
0.885734, -0.0170582, 0.336622, -0.611769;
0.89013, -0.0171241, 0.337457, -0.60538;
0.89459, -0.0171751, 0.338689, -0.598797;
0.899211, -0.0172008, 0.340096, -0.59228;
0.903911, -0.0172065, 0.3415, -0.585914;
0.908614, -0.017228, 0.342968, -0.579597;
0.913315, -0.0172574, 0.344566, -0.572958;
0.918055, -0.0172712, 0.346487, -0.565636;
0.922569, -0.0172776, 0.348405, -0.557269;
0.926998, -0.0172773, 0.350549, -0.549412;
0.931492, -0.017278, 0.353001, -0.541554;
0.936094, -0.0172856, 0.355694, -0.534158;
0.94075, -0.0173036, 0.358609, -0.527143;
0.945391, -0.0173353, 0.361787, -0.520325;
0.950069, -0.0173835, 0.365315, -0.513359;
0.954548, -0.0174378, 0.369143, -0.505179;
0.958718, -0.0175232, 0.373232, -0.496109;
0.962863, -0.0175931, 0.377594, -0.487305;
0.967154, -0.0176323, 0.382135, -0.478922;
0.971623, -0.017657, 0.38679, -0.471148;
0.97621, -0.0176855, 0.391641, -0.46357;
0.980483, -0.0177197, 0.396602, -0.454022;
0.984659, -0.0177473, 0.401705, -0.444714;
0.989003, -0.0177738, 0.406817, -0.436055;
0.993542, -0.0177968, 0.411814, -0.428438;
0.998245, -0.017831, 0.416755, -0.421181;
1.0028, -0.0178562, 0.421619, -0.413095;
1.0073, -0.017879, 0.426437, -0.405172;
1.01187, -0.017905, 0.431132, -0.397578;
1.0165, -0.0179327, 0.435618, -0.390529;
1.02117, -0.0179587, 0.439873, -0.383918;
1.02584, -0.0179885, 0.443877, -0.37753;
1.03048, -0.0180184, 0.447613, -0.371479;
1.03507, -0.0180499, 0.451089, -0.36569;
1.03959, -0.0180773, 0.454295, -0.360311;
1.04405, -0.0181006, 0.457248, -0.355442;
1.04843, -0.0181188, 0.45995, -0.351166;
1.05278, -0.0181382, 0.462418, -0.347542;
1.05709, -0.0181618, 0.464646, -0.344672;
1.06142, -0.0181842, 0.466685, -0.342678;
1.06576, -0.0182062, 0.468523, -0.341471;
1.07013, -0.0182293, 0.470164, -0.341056;
1.07454, -0.0182514, 0.471615, -0.341341;
1.07897, -0.0182753, 0.472876, -0.342254;
1.08347, -0.0183006, 0.473945, -0.343606;
1.08798, -0.0183274, 0.474808, -0.345364;
1.09253, -0.0183548, 0.475453, -0.347392;
1.0971, -0.018383, 0.475869, -0.3496;
1.1017, -0.0184097, 0.47604, -0.351951;
1.10632, -0.018436, 0.475962, -0.354416;
1.11095, -0.0184633, 0.47562, -0.356959;
1.1156, -0.0184913, 0.475012, -0.359571;
1.12028, -0.018519, 0.47413, -0.362236;
1.12497, -0.0185462, 0.472971, -0.36494;
1.1297, -0.0185741, 0.471532, -0.367659;
1.13445, -0.0186022, 0.469816, -0.370362;
1.13924, -0.0186316, 0.467824, -0.373011;
1.14406, -0.0186605, 0.465558, -0.375567;
1.14891, -0.0186904, 0.463019, -0.377926;
1.15379, -0.0187218, 0.460212, -0.380029;
1.1587, -0.0187536, 0.457128, -0.381804;
1.16362, -0.0187848, 0.453768, -0.383197;
1.16672, -0.0187902, 0.451534, -0.398377;
1.16901, -0.0187984, 0.450088, -0.41946;
1.17118, -0.01877, 0.448411, -0.440443;
1.17337, -0.018753, 0.445991, -0.459706;
1.17581, -0.0187246, 0.443216, -0.477735;
1.17806, -0.0186899, 0.440118, -0.495813;
1.18037, -0.0186485, 0.436762, -0.512819;
1.18259, -0.0186009, 0.433101, -0.529454;
1.18474, -0.0185604, 0.42913, -0.545526;
1.1869, -0.018532, 0.424895, -0.560894;
1.18909, -0.0185107, 0.420408, -0.575491;
1.19131, -0.0184893, 0.415678, -0.589348;
1.19353, -0.0184667, 0.41071, -0.602613;
1.19576, -0.0184402, 0.405512, -0.615275;
1.198, -0.0184092, 0.400091, -0.627586;
1.20024, -0.0183737, 0.394433, -0.639621;
1.2025, -0.0183394, 0.388533, -0.651433;
1.20479, -0.018307, 0.382372, -0.663024;
1.20711, -0.0182761, 0.375947, -0.674452;
1.20946, -0.0182485, 0.369258, -0.685726;
1.21184, -0.0182224, 0.362299, -0.696875;
1.21425, -0.0181977, 0.355073, -0.707906;
1.2167, -0.0181736, 0.34759, -0.718768;
1.21918, -0.0181487, 0.339845, -0.729441;
1.22168, -0.0181242, 0.331849, -0.739949;
1.22422, -0.0180989, 0.323611, -0.7502;
1.22677, -0.0180745, 0.315139, -0.760239;
1.22936, -0.01805, 0.306443, -0.770015;
1.23121, -0.0180114, 0.304039, -0.767244;
1.23345, -0.018046, 0.306179, -0.757529;
1.23655, -0.0180418, 0.310608, -0.745454;
1.24014, -0.018128, 0.314981, -0.735291;
1.24381, -0.0182302, 0.318797, -0.72637;
1.2474, -0.018295, 0.322198, -0.717207;
1.25089, -0.0183255, 0.325352, -0.707588;
1.25437, -0.0183356, 0.328268, -0.697519;
1.25788, -0.0183436, 0.330966, -0.687166;
1.26141, -0.0183571, 0.333454, -0.676541;
1.26496, -0.0183735, 0.335733, -0.665699;
1.26851, -0.0183985, 0.337822, -0.65468;
1.27209, -0.0184243, 0.339705, -0.643579;
1.27569, -0.0184461, 0.341368, -0.632488;
1.27933, -0.0184677, 0.34279, -0.621463;
1.28311, -0.0184937, 0.343718, -0.611532;
1.287, -0.0185171, 0.344403, -0.602435;
1.29098, -0.0185333, 0.344961, -0.593694;
1.29511, -0.0185468, 0.345389, -0.585666;
1.29939, -0.0185593, 0.345687, -0.578423;
1.30378, -0.0185436, 0.345926, -0.571459;
1.30819, -0.0185151, 0.346099, -0.564362;
1.31259, -0.0184625, 0.346369, -0.557163;
1.31692, -0.018407, 0.346653, -0.549533;
1.3213, -0.0183775, 0.347016, -0.542256;
1.32572, -0.0183727, 0.347509, -0.535212;
1.33024, -0.0183618, 0.348233, -0.528029;
1.33469, -0.0183319, 0.349051, -0.520348;
1.33911, -0.0182833, 0.350182, -0.512564;
1.34343, -0.0182113, 0.351496, -0.504096;
1.34772, -0.0181486, 0.353087, -0.495951;
1.35215, -0.018103, 0.354939, -0.488061;
1.35662, -0.0180574, 0.357162, -0.480175;
1.36097, -0.0180087, 0.359595, -0.471472;
1.36527, -0.017889, 0.362312, -0.462986;
1.36962, -0.0177134, 0.365345, -0.454562;
1.3741, -0.0175435, 0.368732, -0.445955;
1.37845, -0.0173966, 0.372297, -0.436329;
1.38274, -0.0172878, 0.376197, -0.426827;
1.38693, -0.0171755, 0.380325, -0.416294;
1.3912, -0.0170152, 0.384632, -0.406396;
1.39568, -0.0168165, 0.388993, -0.397434;
1.40037, -0.0166175, 0.393435, -0.389026;
1.405, -0.0164525, 0.398009, -0.379658;
1.40951, -0.0163062, 0.402692, -0.36962;
1.41406, -0.0161394, 0.40742, -0.360108;
1.41875, -0.0159562, 0.412057, -0.351416;
1.42362, -0.0157745, 0.416598, -0.343301;
1.42849, -0.0156112, 0.421054, -0.334991;
1.43331, -0.0154686, 0.425386, -0.326846;
1.43816, -0.0153248, 0.429576, -0.318978;
1.44306, -0.0151762, 0.433571, -0.311388;
1.44799, -0.0150264, 0.437318, -0.304331;
1.45291, -0.0148791, 0.440792, -0.297893;
1.45778, -0.0147332, 0.444021, -0.291839;
1.4626, -0.0145852, 0.447015, -0.286231;
1.46733, -0.0144344, 0.449745, -0.281182;
1.47201, -0.014282, 0.452228, -0.27673;
1.47664, -0.0141289, 0.454465, -0.273008;
1.48125, -0.0139777, 0.456468, -0.270017;
1.48586, -0.0138274, 0.45824, -0.267903;
1.49049, -0.0136751, 0.459802, -0.266561;
1.49517, -0.0135198, 0.461155, -0.265915;
1.4999, -0.013364, 0.462314, -0.265957;
1.50468, -0.013207, 0.463273, -0.266477;
1.50953, -0.0130488, 0.464025, -0.267354;
1.51441, -0.0128914, 0.464559, -0.268505;
1.51933, -0.0127338, 0.464866, -0.269781;
1.52429, -0.012577, 0.464937, -0.271114;
1.52928, -0.0124208, 0.464762, -0.27247;
1.53429, -0.0122663, 0.464328, -0.273803;
1.53932, -0.0121116, 0.463627, -0.275104;
1.54437, -0.0119598, 0.462646, -0.276357;
1.54944, -0.0118084, 0.461387, -0.277553;
1.55453, -0.0116577, 0.459842, -0.278696;
1.5579, -0.0115166, 0.459438, -0.292519;
1.56017, -0.011434, 0.459507, -0.31221;
1.56242, -0.0113969, 0.4596, -0.332667;
1.56484, -0.0113728, 0.45931, -0.352943;
1.5673, -0.0113323, 0.458551, -0.372793;
1.56971, -0.0112693, 0.457341, -0.392634;
1.57211, -0.0111914, 0.455845, -0.41229;
1.57446, -0.0111129, 0.454052, -0.431743;
1.5768, -0.0110513, 0.451957, -0.450688;
1.57915, -0.0109974, 0.449561, -0.468941;
1.58154, -0.0109633, 0.446905, -0.486556;
1.58393, -0.0109347, 0.444012, -0.503509;
1.58631, -0.0108958, 0.440872, -0.519767;
1.58867, -0.0108517, 0.437486, -0.535469;
1.59101, -0.0107957, 0.43385, -0.550446;
1.59336, -0.010731, 0.42995, -0.564762;
1.59571, -0.0106678, 0.425777, -0.578458;
1.59805, -0.0106087, 0.421319, -0.591529;
1.6004, -0.0105474, 0.416574, -0.603983;
1.60275, -0.0104973, 0.411554, -0.615949;
1.6051, -0.0104494, 0.406238, -0.627492;
1.60745, -0.010399, 0.400655, -0.638795;
1.60983, -0.0103469, 0.394817, -0.649807;
1.61223, -0.0102909, 0.388721, -0.660551;
1.61465, -0.0102308, 0.382374, -0.671087;
1.6171, -0.0101714, 0.375774, -0.681438;
1.61958, -0.0101112, 0.368936, -0.691623;
1.62208, -0.0100522, 0.361854, -0.701639;
1.62461, -0.00999308, 0.354536, -0.71148;
1.62716, -0.00993455, 0.346984, -0.721155;
1.62973, -0.00987654, 0.339191, -0.73062;
1.63232, -0.00981712, 0.331161, -0.73987;
1.63494, -0.00975831, 0.322894, -0.748886;
1.63758, -0.00969822, 0.314393, -0.757688;
1.63976, -0.00919272, 0.307771, -0.760901;
1.64187, -0.00858389, 0.306115, -0.75621;
1.64457, -0.00796552, 0.30733, -0.746941;
1.64785, -0.00746279, 0.310774, -0.736355;
1.65171, -0.00704386, 0.314853, -0.726101;
1.6557, -0.00666018, 0.31867, -0.71606;
1.6596, -0.00626455, 0.322028, -0.706183;
1.66342, -0.00585358, 0.325081, -0.695873;
1.66723, -0.00542943, 0.327906, -0.68507;
1.67104, -0.00500075, 0.330505, -0.673883;
1.67487, -0.00457031, 0.332882, -0.662412;
1.67872, -0.00414057, 0.335053, -0.650745;
1.68258, -0.00371265, 0.337004, -0.638942;
1.68647, -0.00328715, 0.338744, -0.627114;
1.69039, -0.00286026, 0.34025, -0.615335;
1.69445, -0.0024516, 0.341293, -0.604622;
1.69863, -0.00205737, 0.342088, -0.594756;
1.70292, -0.00165448, 0.342745, -0.585306;
1.70735, -0.00125467, 0.343274, -0.576636;
1.71197, -0.000818528, 0.343662, -0.568881;
1.71669, -0.000375117, 0.343937, -0.561239;
1.72145, 6.56177e-05, 0.344277, -0.553979;
1.72614, 0.000505282, 0.344577, -0.546175;
1.73083, 0.000921906, 0.344936, -0.538428;
1.73556, 0.00131196, 0.345392, -0.530764;
1.74039, 0.00168768, 0.345968, -0.523255;
1.74529, 0.00207221, 0.346755, -0.515636;
1.75007, 0.00248502, 0.347666, -0.507282;
1.75477, 0.00290972, 0.348888, -0.498663;
1.75942, 0.00333804, 0.3503, -0.489502;
1.76408, 0.00373858, 0.351973, -0.480696;
1.76881, 0.00410761, 0.353906, -0.472149;
1.77366, 0.00451023, 0.356205, -0.463495;
1.77833, 0.00492787, 0.358742, -0.454084;
1.78299, 0.00536951, 0.361662, -0.444728;
1.78753, 0.00584887, 0.364814, -0.43432;
1.79211, 0.00633105, 0.368247, -0.424512;
1.79682, 0.00680004, 0.372018, -0.414673;
1.80147, 0.00728666, 0.375979, -0.404028;
1.80618, 0.00780974, 0.380207, -0.393596;
1.81082, 0.00831823, 0.384572, -0.382481;
1.81552, 0.00878092, 0.389069, -0.372121;
1.82039, 0.00923086, 0.393685, -0.362084;
1.82534, 0.00971024, 0.398316, -0.351911;
1.83038, 0.0102343, 0.403012, -0.342079;
1.83539, 0.0107565, 0.407702, -0.331739;
1.84047, 0.0112477, 0.412374, -0.321795;
1.84566, 0.0117134, 0.416906, -0.312582;
1.85095, 0.0121843, 0.421288, -0.303919;
1.85631, 0.0126533, 0.425478, -0.295636;
1.86165, 0.0131202, 0.429492, -0.287273;
1.86697, 0.0135757, 0.433342, -0.279103;
1.8723, 0.0140152, 0.436979, -0.271145;
1.87759, 0.0144469, 0.440381, -0.263562;
1.88284, 0.0148789, 0.44354, -0.256519;
1.88804, 0.0153144, 0.446433, -0.250033;
1.89318, 0.0157509, 0.449085, -0.244142;
1.89826, 0.0161891, 0.45149, -0.238952;
1.9033, 0.0166313, 0.453644, -0.234417;
1.90834, 0.0170751, 0.455594, -0.230734;
1.9134, 0.017521, 0.457324, -0.227805;
1.91846, 0.0179717, 0.458839, -0.225738;
1.92357, 0.0184269, 0.460147, -0.224336;
1.92873, 0.0188862, 0.461249, -0.223512;
1.93394, 0.0193503, 0.462143, -0.223192;
1.93922, 0.019818, 0.462831, -0.2232;
1.94453, 0.0202874, 0.463302, -0.223475;
1.94989, 0.0207572, 0.463547, -0.223905;
1.95528, 0.0212261, 0.463557, -0.22443;
1.96069, 0.0216932, 0.463317, -0.224983;
1.96613, 0.0221579, 0.462817, -0.225541;
1.9711, 0.0224914, 0.462491, -0.229689;
1.97547, 0.0226127, 0.462408, -0.237621;
1.97869, 0.0228163, 0.462757, -0.250119;
1.98144, 0.0230336, 0.463305, -0.268133;
1.98431, 0.0233059, 0.463751, -0.288273;
1.98715, 0.0235884, 0.463743, -0.307053;
1.99001, 0.0239005, 0.463301, -0.325377;
1.99289, 0.0242263, 0.462528, -0.344548;
1.99575, 0.0245225, 0.461476, -0.36383;
1.99857, 0.0247901, 0.460108, -0.38337;
2.00144, 0.0250411, 0.458465, -0.402407;
2.00434, 0.0252864, 0.456526, -0.420906;
2.00726, 0.0255428, 0.454299, -0.438915;
2.01017, 0.0258025, 0.451812, -0.456354;
2.01307, 0.0260669, 0.449075, -0.473112;
2.01594, 0.0263356, 0.446087, -0.489231;
2.01881, 0.0266073, 0.442835, -0.504475;
2.02166, 0.0268684, 0.439348, -0.519191;
2.02448, 0.0271391, 0.43558, -0.533182;
2.02729, 0.0274008, 0.43152, -0.546449;
2.03009, 0.0276632, 0.427165, -0.559162;
2.03288, 0.0279199, 0.422531, -0.571286;
2.03568, 0.028175, 0.417605, -0.582846;
2.03847, 0.0284335, 0.412399, -0.593896;
2.04128, 0.0286904, 0.406916, -0.604483;
2.0441, 0.0289442, 0.401175, -0.614756;
2.04693, 0.0292111, 0.395184, -0.62478;
2.04977, 0.0294752, 0.388945, -0.634587;
2.05264, 0.0297426, 0.38246, -0.644093;
2.05553, 0.0300069, 0.375732, -0.653422;
2.05843, 0.0302684, 0.368766, -0.662589;
2.06135, 0.0305324, 0.361558, -0.67159;
2.06429, 0.0308001, 0.354112, -0.680399;
2.06726, 0.0310639, 0.346428, -0.688987;
2.07025, 0.0313267, 0.338503, -0.697393;
2.07325, 0.0315954, 0.330334, -0.705602;
2.07628, 0.0318627, 0.321923, -0.713585;
2.07932, 0.0321316, 0.313269, -0.721347;
2.08204, 0.0319854, 0.307046, -0.722685;
2.08428, 0.031679, 0.305219, -0.714264;
2.0873, 0.0312588, 0.306783, -0.703049;
2.09104, 0.0307353, 0.309773, -0.689229;
2.09543, 0.0301468, 0.312989, -0.67782;
2.09994, 0.0295113, 0.315849, -0.666345;
2.10435, 0.0288788, 0.318311, -0.655086;
2.10868, 0.0282723, 0.320503, -0.643748;
2.11301, 0.027687, 0.322472, -0.631895;
2.11735, 0.0271252, 0.32421, -0.619696;
2.12169, 0.0265768, 0.325732, -0.607155;
2.12605, 0.0260351, 0.327051, -0.594311;
2.13042, 0.0254925, 0.328161, -0.581188;
2.13493, 0.0249772, 0.328856, -0.568924;
2.13956, 0.0244686, 0.3293, -0.557324;
2.14433, 0.0239417, 0.3296, -0.546105;
2.14923, 0.0234185, 0.32977, -0.535489;
2.15429, 0.0228884, 0.329816, -0.525552;
2.15942, 0.0223268, 0.329935, -0.515455;
2.16448, 0.0217676, 0.329937, -0.50505;
2.16956, 0.0212305, 0.329967, -0.495326;
2.17475, 0.020726, 0.330093, -0.485824;
2.18006, 0.0202579, 0.330338, -0.476669;
2.18547, 0.0198101, 0.330719, -0.467748;
2.19101, 0.0194008, 0.331329, -0.458807;
2.19644, 0.0189685, 0.33214, -0.448718;
2.20166, 0.018536, 0.333137, -0.438205;
2.20686, 0.0180891, 0.334461, -0.427834;
2.21223, 0.0176565, 0.336093, -0.417762;
2.21778, 0.0172334, 0.338104, -0.407577;
2.22324, 0.0168133, 0.340261, -0.396772;
2.22875, 0.0164038, 0.342879, -0.385708;
2.23415, 0.0160077, 0.345783, -0.373721;
2.23957, 0.0155945, 0.349016, -0.36218;
2.24519, 0.0151686, 0.35253, -0.351148;
2.25105, 0.0147442, 0.356389, -0.340238;
2.25685, 0.0143453, 0.36044, -0.328333;
2.26262, 0.013996, 0.364889, -0.316028;
2.26835, 0.0136465, 0.369604, -0.302816;
2.27421, 0.0132426, 0.374505, -0.290282;
2.28033, 0.0128161, 0.37946, -0.278684;
2.28669, 0.0124057, 0.384496, -0.267688;
2.29305, 0.011997, 0.389676, -0.255473;
2.29932, 0.0116365, 0.394951, -0.243117;
2.30569, 0.0112885, 0.400226, -0.23127;
2.31227, 0.0109458, 0.405486, -0.219744;
2.31889, 0.0105973, 0.410641, -0.208209;
2.32555, 0.0102684, 0.415667, -0.197035;
2.33224, 0.00995597, 0.420489, -0.186672;
2.33903, 0.00965087, 0.425117, -0.176534;
2.3458, 0.00934148, 0.429476, -0.166659;
2.35254, 0.00903505, 0.433572, -0.157033;
2.35923, 0.00873516, 0.437397, -0.147581;
2.36584, 0.0084342, 0.440943, -0.138326;
2.37236, 0.00812448, 0.444232, -0.129494;
2.37882, 0.00780736, 0.44728, -0.121149;
2.38524, 0.00747926, 0.450099, -0.113373;
2.39162, 0.00714827, 0.452692, -0.106332;
2.39801, 0.0068125, 0.455078, -0.100043;
2.40443, 0.00646985, 0.457259, -0.094621;
2.41089, 0.00612399, 0.459245, -0.0899723;
2.41741, 0.00577389, 0.461035, -0.0861223;
2.42328, 0.00548192, 0.46321, -0.0868921;
2.42853, 0.00536037, 0.465788, -0.0919437;
2.43313, 0.00526474, 0.468695, -0.100777;
2.43752, 0.00512521, 0.471438, -0.110787;
2.4417, 0.00500183, 0.474178, -0.12336;
2.44564, 0.00490534, 0.476877, -0.137659;
2.44955, 0.00479105, 0.479352, -0.152401;
2.45347, 0.00467329, 0.481479, -0.166961;
2.45738, 0.00456276, 0.483321, -0.1821;
2.46131, 0.00443529, 0.484885, -0.197421;
2.46523, 0.00432097, 0.48614, -0.212928;
2.46917, 0.00420143, 0.487141, -0.228981;
2.4731, 0.00407105, 0.487738, -0.243805;
2.47706, 0.00394675, 0.488126, -0.259812;
2.48105, 0.00382148, 0.488267, -0.275947;
2.48506, 0.00369226, 0.488126, -0.29197;
2.48908, 0.003549, 0.487708, -0.307938;
2.4931, 0.00339136, 0.487033, -0.323985;
2.49711, 0.00323091, 0.486095, -0.339884;
2.50113, 0.00308488, 0.484873, -0.355414;
2.50511, 0.00294132, 0.483401, -0.371006;
2.50903, 0.00280506, 0.481683, -0.386505;
2.51293, 0.00266593, 0.479688, -0.401391;
2.51676, 0.00254215, 0.477461, -0.416306;
2.52054, 0.00241829, 0.474973, -0.430609;
2.52429, 0.00230177, 0.472201, -0.444123;
2.528, 0.00218045, 0.469142, -0.456855;
2.53169, 0.00204494, 0.465807, -0.468778;
2.53536, 0.00190314, 0.4622, -0.479991;
2.539, 0.00176268, 0.45832, -0.490491;
2.54261, 0.00161591, 0.454172, -0.500486;
2.54624, 0.00147273, 0.449768, -0.509748;
2.54987, 0.00132844, 0.445109, -0.518472;
2.5535, 0.0011765, 0.440187, -0.526706;
