-0.0224024, -0.0224024, 0.0224024, 0.0224024;
-0.0224325, -0.0224325, 0.0224299, 0.0224299;
-0.0223801, -0.0223801, 0.0223647, 0.0223647;
-0.0222437, -0.0222437, 0.0221967, 0.0221967;
-0.022022, -0.022022, 0.021915, 0.021915;
-0.0217138, -0.0217138, 0.0215085, 0.0215085;
-0.021318, -0.021318, 0.0209658, 0.0209658;
-0.0208334, -0.0208334, 0.020276, 0.020276;
-0.0202587, -0.0202587, 0.0194285, 0.0194285;
-0.0195918, -0.0195918, 0.018414, 0.018414;
-0.0188306, -0.0188306, 0.0172239, 0.0172239;
-0.0179723, -0.0179723, 0.0158512, 0.0158512;
-0.0170135, -0.0170135, 0.0142905, 0.0142905;
-0.0159505, -0.0159505, 0.0125376, 0.0125376;
-0.0147788, -0.0147788, 0.0105898, 0.0105898;
-0.0134936, -0.0134936, 0.00844614, 0.00844614;
-0.0120899, -0.0120899, 0.00610666, 0.00610666;
-0.0105621, -0.0105621, 0.00357295, 0.00357295;
-0.00890473, -0.00890473, 0.000847854, 0.000847854;
-0.00711203, -0.00711203, -0.00206444, -0.00206444;
-0.0051783, -0.0051783, -0.00515844, -0.00515844;
-0.00309788, -0.00309788, -0.00842729, -0.00842729;
-0.000865261, -0.000865261, -0.0118628, -0.0118628;
0.00152488, 0.00152488, -0.0154553, -0.0154553;
0.00407761, 0.00407761, -0.0191937, -0.0191937;
0.00679773, 0.00679773, -0.0230655, -0.0230655;
0.00968966, 0.00968966, -0.0270567, -0.0270567;
0.0127574, 0.0127574, -0.0311518, -0.0311518;
0.0160047, 0.0160047, -0.0353336, -0.0353336;
0.0194346, 0.0194346, -0.0395838, -0.0395838;
0.0230496, 0.0230496, -0.0438822, -0.0438822;
0.0268519, 0.0268519, -0.0482074, -0.0482074;
0.0308428, 0.0308428, -0.0525366, -0.0525366;
0.035023, 0.035023, -0.0568454, -0.0568454;
0.0393924, 0.0393924, -0.0611083, -0.0611083;
0.0439503, 0.0439503, -0.0652985, -0.0652985;
0.0486949, 0.0486949, -0.069388, -0.069388;
0.0536236, 0.0536236, -0.0733478, -0.0733478;
0.0587327, 0.0587327, -0.0771478, -0.0771478;
0.0640178, 0.0640178, -0.0807572, -0.0807572;
0.069473, 0.069473, -0.0841443, -0.0841443;
0.0750915, 0.0750915, -0.0872767, -0.0872767;
0.0808653, 0.0808653, -0.090122, -0.090122;
0.0867852, 0.0867852, -0.0926478, -0.0926478;
0.0928408, 0.0928408, -0.0948235, -0.0948235;
0.0990204, 0.0990204, -0.0966231, -0.0966231;
0.105311, 0.105311, -0.0980304, -0.0980304;
0.111699, 0.111699, -0.0990464, -0.0990464;
0.118168, 0.118168, -0.0996937, -0.0996937;
0.124703, 0.124703, -0.100012, -0.100012;
0.131285, 0.131285, -0.100044, -0.100044;
0.137897, 0.137897, -0.0998221, -0.0998221;
0.144518, 0.144518, -0.0993618, -0.0993618;
0.151129, 0.151129, -0.0986677, -0.0986677;
0.157708, 0.157708, -0.0977355, -0.0977355;
0.164233, 0.164233, -0.0965561, -0.0965561;
0.170681, 0.170681, -0.095118, -0.095118;
0.177027, 0.177027, -0.0934086, -0.0934086;
0.183247, 0.183247, -0.0914153, -0.0914153;
0.189316, 0.189316, -0.0891257, -0.0891257;
0.195207, 0.195207, -0.0865275, -0.0865275;
0.200893, 0.200893, -0.0836088, -0.0836088;
0.206347, 0.206347, -0.0803582, -0.0803582;
0.211541, 0.211541, -0.0767644, -0.0767644;
0.216446, 0.216446, -0.0728169, -0.0728169;
0.221032, 0.221032, -0.0685053, -0.0685053;
0.225272, 0.225272, -0.0638198, -0.0638198;
0.229134, 0.229134, -0.0587513, -0.0587513;
0.232591, 0.232591, -0.0532913, -0.0532913;
0.235614, 0.235614, -0.0474324, -0.0474324;
0.238177, 0.238177, -0.0411678, -0.0411678;
0.240257, 0.240257, -0.034492, -0.034492;
0.241805, 0.241805, -0.0274009, -0.0274009;
0.242638, 0.242638, -0.0198917, -0.0198917;
0.242314, 0.242314, -0.011963, -0.011963;
0.240479, 0.240479, -0.00361456, -0.00361456;
0.237022, 0.237022, 0.00515214, 0.00515214;
0.231883, 0.231883, 0.0143339, 0.0143339;
0.225007, 0.225007, 0.0239253, 0.0239253;
0.216347, 0.216347, 0.0339185, 0.0339185;
0.205864, 0.205864, 0.0443029, 0.0443029;
0.193535, 0.193535, 0.0550653, 0.0550653;
0.179347, 0.179347, 0.0661894, 0.0661894;
0.163308, 0.163308, 0.0776563, 0.0776563;
0.145443, 0.145443, 0.0894437, 0.0894437;
0.125799, 0.125799, 0.101527, 0.101527;
0.104445, 0.104445, 0.113877, 0.113877;
0.0814738, 0.0814738, 0.126464, 0.126464;
0.0570027, 0.0570027, 0.139254, 0.139254;
0.0311721, 0.0311721, 0.15221, 0.15221;
0.00414473, 0.00414473, 0.165295, 0.165295;
-0.0238967, -0.0238967, 0.178468, 0.178468;
-0.0527527, -0.0527527, 0.191686, 0.191686;
-0.0822103, -0.0822103, 0.204906, 0.204906;
-0.112047, -0.112047, 0.218082, 0.218082;
-0.142034, -0.142034, 0.23117, 0.23117;
-0.171941, -0.171941, 0.244121, 0.244121;
-0.201538, -0.201538, 0.256892, 0.256892;
-0.230599, -0.230599, 0.269433, 0.269433;
-0.258903, -0.258903, 0.2817, 0.2817;
-0.28624, -0.28624, 0.293647, 0.293647;
-0.312406, -0.312406, 0.305229, 0.305229;
-0.33721, -0.33721, 0.316402, 0.316402;
-0.360469, -0.360469, 0.327123, 0.327123;
-0.382018, -0.382018, 0.337351, 0.337351;
-0.401698, -0.401698, 0.347045, 0.347045;
-0.41937, -0.41937, 0.356167, 0.356167;
-0.434903, -0.434903, 0.364678, 0.364678;
-0.448184, -0.448184, 0.372544, 0.372544;
-0.459112, -0.459112, 0.379729, 0.379729;
-0.467603, -0.467603, 0.3862, 0.3862;
-0.473584, -0.473584, 0.391926, 0.391926;
-0.476994, -0.476994, 0.396877, 0.396877;
-0.47774, -0.47774, 0.401025, 0.401025;
-0.476518, -0.476518, 0.404345, 0.404345;
-0.474245, -0.474245, 0.40682, 0.40682;
-0.470968, -0.470968, 0.408449, 0.408449;
-0.466682, -0.466682, 0.409166, 0.409166;
-0.461388, -0.461388, 0.408342, 0.408342;
-0.455087, -0.455087, 0.405243, 0.405243;
-0.447778, -0.447778, 0.399761, 0.399761;
-0.439465, -0.439465, 0.391891, 0.391891;
-0.430151, -0.430151, 0.381638, 0.381638;
-0.419843, -0.419843, 0.369025, 0.369025;
-0.40855, -0.40855, 0.35409, 0.35409;
-0.396285, -0.396285, 0.336888, 0.336888;
-0.383063, -0.383063, 0.317491, 0.317491;
-0.368905, -0.368905, 0.295989, 0.295989;
-0.353834, -0.353834, 0.272489, 0.272489;
-0.337878, -0.337878, 0.247114, 0.247114;
-0.321069, -0.321069, 0.220005, 0.220005;
-0.303442, -0.303442, 0.191315, 0.191315;
-0.285038, -0.285038, 0.161212, 0.161212;
-0.265901, -0.265901, 0.129875, 0.129875;
-0.246078, -0.246078, 0.0974935, 0.0974935;
-0.22562, -0.22562, 0.0642648, 0.0642648;
-0.204581, -0.204581, 0.0303915, 0.0303915;
-0.183016, -0.183016, -0.00391948, -0.00391948;
-0.160983, -0.160983, -0.0384587, -0.0384587;
-0.138542, -0.138542, -0.0730161, -0.0730161;
-0.115753, -0.115753, -0.107382, -0.107382;
-0.0926775, -0.0926775, -0.14135, -0.14135;
-0.0693756, -0.0693756, -0.174716, -0.174716;
-0.045909, -0.045909, -0.20728, -0.20728;
-0.0223386, -0.0223386, -0.238847, -0.238847;
0.0012753, 0.0012753, -0.269231, -0.269231;
0.024873, 0.024873, -0.298251, -0.298251;
0.0483956, 0.0483956, -0.325737, -0.325737;
0.071785, 0.071785, -0.351524, -0.351524;
0.0949843, 0.0949843, -0.375463, -0.375463;
0.117937, 0.117937, -0.397413, -0.397413;
0.140589, 0.140589, -0.417246, -0.417246;
0.162886, 0.162886, -0.434846, -0.434846;
0.184775, 0.184775, -0.450113, -0.450113;
0.206205, 0.206205, -0.462961, -0.462961;
0.227125, 0.227125, -0.473317, -0.473317;
0.247486, 0.247486, -0.481126, -0.481126;
0.26724, 0.26724, -0.486349, -0.486349;
0.286341, 0.286341, -0.488946, -0.488946;
0.304744, 0.304744, -0.488898, -0.488898;
0.322404, 0.322404, -0.487258, -0.487258;
0.33928, 0.33928, -0.484646, -0.484646;
0.355338, 0.355338, -0.481092, -0.481092;
0.37054, 0.37054, -0.476606, -0.476606;
0.384855, 0.384855, -0.471203, -0.471203;
0.398249, 0.398249, -0.464897, -0.464897;
0.410691, 0.410691, -0.457708, -0.457708;
0.422151, 0.422151, -0.449651, -0.449651;
0.432601, 0.432601, -0.440748, -0.440748;
0.442014, 0.442014, -0.431018, -0.431018;
0.450364, 0.450364, -0.420482, -0.420482;
0.457628, 0.457628, -0.40916, -0.40916;
0.463784, 0.463784, -0.397076, -0.397076;
0.468812, 0.468812, -0.384251, -0.384251;
0.472695, 0.472695, -0.370708, -0.370708;
0.475418, 0.475418, -0.356471, -0.356471;
0.476982, 0.476982, -0.341564, -0.341564;
0.477406, 0.477406, -0.326011, -0.326011;
0.476146, 0.476146, -0.309839, -0.309839;
0.472087, 0.472087, -0.293072, -0.293072;
0.465084, 0.465084, -0.275736, -0.275736;
0.455162, 0.455162, -0.257855, -0.257855;
0.442365, 0.442365, -0.239456, -0.239456;
0.426758, 0.426758, -0.220567, -0.220567;
0.408426, 0.408426, -0.201219, -0.201219;
0.387476, 0.387476, -0.181443, -0.181443;
0.364035, 0.364035, -0.161274, -0.161274;
0.338249, 0.338249, -0.140747, -0.140747;
0.310282, 0.310282, -0.119901, -0.119901;
0.280315, 0.280315, -0.0987736, -0.0987736;
0.248539, 0.248539, -0.0774077, -0.0774077;
0.215159, 0.215159, -0.0558458, -0.0558458;
0.180388, 0.180388, -0.0341321, -0.0341321;
0.144444, 0.144444, -0.0123124, -0.0123124;
0.107552, 0.107552, 0.00956686, 0.00956686;
0.0699366, 0.0699366, 0.0314582, 0.0314582;
0.0318255, 0.0318255, 0.0533136, 0.0533136;
-0.00655453, -0.00655453, 0.0750845, 0.0750845;
-0.0449776, -0.0449776, 0.0967223, 0.0967223;
-0.0832202, -0.0832202, 0.118178, 0.118178;
-0.121062, -0.121062, 0.139404, 0.139404;
-0.158285, -0.158285, 0.16035, 0.16035;
-0.194679, -0.194679, 0.18097, 0.18097;
-0.230036, -0.230036, 0.201215, 0.201215;
-0.264156, -0.264156, 0.22104, 0.22104;
-0.296848, -0.296848, 0.240398, 0.240398;
-0.327926, -0.327926, 0.259245, 0.259245;
-0.357217, -0.357217, 0.277536, 0.277536;
-0.384556, -0.384556, 0.29523, 0.29523;
-0.409791, -0.409791, 0.312284, 0.312284;
-0.432781, -0.432781, 0.328658, 0.328658;
-0.4534, -0.4534, 0.344314, 0.344314;
-0.471534, -0.471534, 0.359214, 0.359214;
-0.487088, -0.487088, 0.373323, 0.373323;
-0.499979, -0.499979, 0.386605, 0.386605;
-0.510142, -0.510142, 0.399029, 0.399029;
-0.51753, -0.51753, 0.410564, 0.410564;
-0.52211, -0.52211, 0.421181, 0.421181;
-0.523846, -0.523846, 0.430852, 0.430852;
-0.522827, -0.522827, 0.439552, 0.439552;
-0.520392, -0.520392, 0.447259, 0.447259;
-0.516933, -0.516933, 0.453952, 0.453952;
-0.512465, -0.512465, 0.459616, 0.459616;
-0.507, -0.507, 0.464237, 0.464237;
-0.500551, -0.500551, 0.467805, 0.467805;
-0.493134, -0.493134, 0.470314, 0.470314;
-0.484768, -0.484768, 0.471772, 0.471772;
-0.475468, -0.475468, 0.472195, 0.472195;
-0.465255, -0.465255, 0.471066, 0.471066;
-0.454147, -0.454147, 0.467369, 0.467369;
-0.442158, -0.442158, 0.460957, 0.460957;
-0.429304, -0.429304, 0.451865, 0.451865;
-0.4156, -0.4156, 0.440144, 0.440144;
-0.401065, -0.401065, 0.425863, 0.425863;
-0.385717, -0.385717, 0.409104, 0.409104;
-0.36958, -0.36958, 0.389969, 0.389969;
-0.352676, -0.352676, 0.36857, 0.36857;
-0.335032, -0.335032, 0.345036, 0.345036;
-0.316678, -0.316678, 0.319505, 0.319505;
-0.297645, -0.297645, 0.292128, 0.292128;
-0.277969, -0.277969, 0.263065, 0.263065;
-0.257687, -0.257687, 0.232482, 0.232482;
-0.236839, -0.236839, 0.200554, 0.200554;
-0.215469, -0.215469, 0.167462, 0.167462;
-0.193622, -0.193622, 0.133392, 0.133392;
-0.171345, -0.171345, 0.0985328, 0.0985328;
-0.148689, -0.148689, 0.0630775, 0.0630775;
-0.125704, -0.125704, 0.0272216, 0.0272216;
-0.102444, -0.102444, -0.00883779, -0.00883779;
-0.0789624, -0.0789624, -0.0449026, -0.0449026;
-0.0553137, -0.0553137, -0.0807745, -0.0807745;
-0.0315533, -0.0315533, -0.116256, -0.116256;
-0.00773714, -0.00773714, -0.151151, -0.151151;
0.0160789, 0.0160789, -0.185266, -0.185266;
0.039839, 0.039839, -0.218413, -0.218413;
0.0634875, 0.0634875, -0.250405, -0.250405;
0.0869689, 0.0869689, -0.281064, -0.281064;
0.110229, 0.110229, -0.310217, -0.310217;
0.133212, 0.133212, -0.337701, -0.337701;
0.155867, 0.155867, -0.363361, -0.363361;
0.178139, 0.178139, -0.387052, -0.387052;
0.199978, 0.199978, -0.408639, -0.408639;
0.221332, 0.221332, -0.428003, -0.428003;
0.242153, 0.242153, -0.445034, -0.445034;
0.262391, 0.262391, -0.459638, -0.459638;
0.281999, 0.281999, -0.471737, -0.471737;
0.300932, 0.300932, -0.481267, -0.481267;
0.319144, 0.319144, -0.48818, -0.48818;
0.336591, 0.336591, -0.492442, -0.492442;
0.353233, 0.353233, -0.494004, -0.494004;
0.369028, 0.369028, -0.493111, -0.493111;
0.383938, 0.383938, -0.491019, -0.491019;
0.397928, 0.397928, -0.487957, -0.487957;
0.410967, 0.410967, -0.483938, -0.483938;
0.423027, 0.423027, -0.478975, -0.478975;
0.434079, 0.434079, -0.473083, -0.473083;
0.444096, 0.444096, -0.46628, -0.46628;
0.453055, 0.453055, -0.458585, -0.458585;
0.460931, 0.460931, -0.450017, -0.450017;
0.467704, 0.467704, -0.440598, -0.440598;
0.473353, 0.473353, -0.430348, -0.430348;
0.477862, 0.477862, -0.41929, -0.41929;
0.481216, 0.481216, -0.407446, -0.407446;
0.483405, 0.483405, -0.394841, -0.394841;
0.484445, 0.484445, -0.381497, -0.381497;
0.48428, 0.48428, -0.367438, -0.367438;
0.481935, 0.481935, -0.35269, -0.35269;
0.47666, 0.47666, -0.337277, -0.337277;
0.468446, 0.468446, -0.321221, -0.321221;
0.457331, 0.457331, -0.304546, -0.304546;
0.44337, 0.44337, -0.287278, -0.287278;
0.426639, 0.426639, -0.269442, -0.269442;
0.407235, 0.407235, -0.251066, -0.251066;
0.385274, 0.385274, -0.232181, -0.232181;
0.36089, 0.36089, -0.212818, -0.212818;
0.334237, 0.334237, -0.19301, -0.19301;
0.305483, 0.305483, -0.172792, -0.172792;
0.274809, 0.274809, -0.152202, -0.152202;
0.242409, 0.242409, -0.131278, -0.131278;
0.208487, 0.208487, -0.110061, -0.110061;
0.173253, 0.173253, -0.0885934, -0.0885934;
0.136923, 0.136923, -0.0669189, -0.0669189;
0.0997171, 0.0997171, -0.0450824, -0.0450824;
0.0618574, 0.0618574, -0.0231302, -0.0231302;
0.0235673, 0.0235673, -0.00110916, -0.00110916;
-0.0149302, -0.0149302, 0.0209328, 0.0209328;
-0.0534126, -0.0534126, 0.0429474, 0.0429474;
-0.0916597, -0.0916597, 0.0648858, 0.0648858;
-0.129454, -0.129454, 0.0866993, 0.0866993;
-0.166581, -0.166581, 0.108339, 0.108339;
-0.202832, -0.202832, 0.129756, 0.129756;
-0.238003, -0.238003, 0.150901, 0.150901;
-0.271897, -0.271897, 0.171728, 0.171728;
-0.304323, -0.304323, 0.192187, 0.192187;
-0.335101, -0.335101, 0.212233, 0.212233;
-0.364059, -0.364059, 0.23182, 0.23182;
-0.391036, -0.391036, 0.250901, 0.250901;
-0.415884, -0.415884, 0.269434, 0.269434;
-0.438465, -0.438465, 0.287374, 0.287374;
-0.458658, -0.458658, 0.304681, 0.304681;
-0.476354, -0.476354, 0.321313, 0.321313;
-0.49146, -0.49146, 0.337231, 0.337231;
-0.503901, -0.503901, 0.352398, 0.352398;
-0.513617, -0.513617, 0.366776, 0.366776;
-0.520564, -0.520564, 0.380331, 0.380331;
-0.524716, -0.524716, 0.39303, 0.39303;
-0.526035, -0.526035, 0.404841, 0.404841;
-0.524729, -0.524729, 0.415734, 0.415734;
-0.522155, -0.522155, 0.425682, 0.425682;
-0.518581, -0.518581, 0.434661, 0.434661;
-0.514021, -0.514021, 0.442649, 0.442649;
-0.508488, -0.508488, 0.449627, 0.449627;
-0.501996, -0.501996, 0.45558, 0.45558;
-0.494562, -0.494562, 0.460492, 0.460492;
-0.486203, -0.486203, 0.464351, 0.464351;
-0.476937, -0.476937, 0.467149, 0.467149;
-0.466783, -0.466783, 0.46889, 0.46889;
-0.45576, -0.45576, 0.469598, 0.469598;
-0.443888, -0.443888, 0.468975, 0.468975;
-0.431185, -0.431185, 0.465948, 0.465948;
-0.417668, -0.417668, 0.460199, 0.460199;
-0.403352, -0.403352, 0.451756, 0.451756;
-0.388254, -0.388254, 0.440664, 0.440664;
-0.372391, -0.372391, 0.426988, 0.426988;
-0.355782, -0.355782, 0.410805, 0.410805;
-0.338451, -0.338451, 0.392212, 0.392212;
-0.32042, -0.32042, 0.37132, 0.37132;
-0.301719, -0.301719, 0.348252, 0.348252;
-0.282375, -0.282375, 0.323147, 0.323147;
-0.262422, -0.262422, 0.296154, 0.296154;
-0.241897, -0.241897, 0.267431, 0.267431;
-0.220837, -0.220837, 0.237145, 0.237145;
-0.199285, -0.199285, 0.205473, 0.205473;
-0.177284, -0.177284, 0.172595, 0.172595;
-0.15488, -0.15488, 0.138698, 0.138698;
-0.132124, -0.132124, 0.103973, 0.103973;
-0.109065, -0.109065, 0.068613, 0.068613;
-0.085755, -0.085755, 0.032816, 0.032816;
-0.0622483, -0.0622483, -0.00322014, -0.00322014;
-0.038599, -0.038599, -0.039296, -0.039296;
-0.0148623, -0.0148623, -0.075212, -0.075212;
0.00890618, 0.00890618, -0.11077, -0.11077;
0.0326506, 0.0326506, -0.145771, -0.145771;
0.0563151, 0.0563151, -0.180023, -0.180023;
0.079844, 0.079844, -0.213334, -0.213334;
0.103182, 0.103182, -0.245517, -0.245517;
0.126275, 0.126275, -0.276393, -0.276393;
0.149067, 0.149067, -0.305787, -0.305787;
0.171507, 0.171507, -0.333534, -0.333534;
0.193542, 0.193542, -0.359477, -0.359477;
0.215119, 0.215119, -0.383468, -0.383468;
0.23619, 0.23619, -0.405373, -0.405373;
0.256703, 0.256703, -0.425067, -0.425067;
0.276612, 0.276612, -0.44244, -0.44244;
0.29587, 0.29587, -0.457395, -0.457395;
0.31443, 0.31443, -0.46985, -0.46985;
0.332249, 0.332249, -0.479738, -0.479738;
0.349284, 0.349284, -0.48701, -0.48701;
0.365494, 0.365494, -0.491628, -0.491628;
0.380838, 0.380838, -0.493548, -0.493548;
0.395278, 0.395278, -0.492893, -0.492893;
0.408779, 0.408779, -0.490922, -0.490922;
0.421307, 0.421307, -0.487969, -0.487969;
0.432835, 0.432835, -0.48405, -0.48405;
0.443335, 0.443335, -0.479179, -0.479179;
0.452784, 0.452784, -0.473369, -0.473369;
0.461157, 0.461157, -0.466637, -0.466637;
0.468434, 0.468434, -0.459003, -0.459003;
0.474594, 0.474594, -0.450486, -0.450486;
0.479621, 0.479621, -0.441106, -0.441106;
0.483499, 0.483499, -0.430886, -0.430886;
0.486216, 0.486216, -0.419847, -0.419847;
0.487772, 0.487772, -0.408012, -0.408012;
0.488194, 0.488194, -0.395404, -0.395404;
0.487065, 0.487065, -0.382049, -0.382049;
0.483208, 0.483208, -0.36797, -0.36797;
0.476402, 0.476402, -0.353189, -0.353189;
0.466677, 0.466677, -0.337731, -0.337731;
0.454081, 0.454081, -0.321618, -0.321618;
0.438683, 0.438683, -0.304875, -0.304875;
0.42057, 0.42057, -0.28753, -0.28753;
0.399849, 0.399849, -0.269609, -0.269609;
0.376647, 0.376647, -0.251143, -0.251143;
0.351107, 0.351107, -0.232162, -0.232162;
0.323389, 0.323389, -0.2127, -0.2127;
0.293666, 0.293666, -0.192791, -0.192791;
0.262125, 0.262125, -0.172473, -0.172473;
0.228962, 0.228962, -0.151784, -0.151784;
0.194381, 0.194381, -0.130764, -0.130764;
0.158593, 0.158593, -0.109455, -0.109455;
0.121814, 0.121814, -0.0878998, -0.0878998;
0.084262, 0.084262, -0.066144, -0.066144;
0.0461576, 0.0461576, -0.044233, -0.044233;
0.00772208, 0.00772208, -0.0222136, -0.0222136;
-0.0308234, -0.0308234, -0.000133406, -0.000133406;
-0.069259, -0.069259, 0.0219594, 0.0219594;
-0.107367, -0.107367, 0.0440162, 0.0440162;
-0.144931, -0.144931, 0.065988, 0.065988;
-0.181742, -0.181742, 0.0878257, 0.0878257;
-0.217592, -0.217592, 0.10948, 0.10948;
-0.252281, -0.252281, 0.130903, 0.130903;
-0.285615, -0.285615, 0.152046, 0.152046;
-0.317408, -0.317408, 0.17286, 0.17286;
-0.347484, -0.347484, 0.193299, 0.193299;
-0.375675, -0.375675, 0.213315, 0.213315;
-0.401826, -0.401826, 0.232863, 0.232863;
-0.425794, -0.425794, 0.251898, 0.251898;
-0.447448, -0.447448, 0.270375, 0.270375;
-0.466672, -0.466672, 0.288253, 0.288253;
-0.483364, -0.483364, 0.305488, 0.305488;
-0.497441, -0.497441, 0.322041, 0.322041;
-0.508832, -0.508832, 0.337872, 0.337872;
-0.517487, -0.517487, 0.352944, 0.352944;
-0.523369, -0.523369, 0.36722, 0.36722;
-0.526457, -0.526457, 0.380666, 0.380666;
-0.526695, -0.526695, 0.393249, 0.393249;
-0.524795, -0.524795, 0.404938, 0.404938;
-0.521839, -0.521839, 0.415702, 0.415702;
-0.517901, -0.517901, 0.425518, 0.425518;
-0.512992, -0.512992, 0.434362, 0.434362;
-0.507127, -0.507127, 0.442214, 0.442214;
-0.50032, -0.50032, 0.449054, 0.449054;
-0.492591, -0.492591, 0.454866, 0.454866;
-0.483955, -0.483955, 0.459636, 0.459636;
-0.474431, -0.474431, 0.463351, 0.463351;
-0.464037, -0.464037, 0.466004, 0.466004;
-0.452793, -0.452793, 0.467601, 0.467601;
-0.440719, -0.440719, 0.468163, 0.468163;
-0.427832, -0.427832, 0.467251, 0.467251;
-0.414154, -0.414154, 0.463817, 0.463817;
-0.399699, -0.399699, 0.457663, 0.457663;
-0.384482, -0.384482, 0.448818, 0.448818;
-0.368521, -0.368521, 0.437331, 0.437331;
-0.351834, -0.351834, 0.423268, 0.423268;
-0.33444, -0.33444, 0.406709, 0.406709;
-0.316363, -0.316363, 0.387752, 0.387752;
-0.297629, -0.297629, 0.36651, 0.36651;
-0.278266, -0.278266, 0.343111, 0.343111;
-0.258305, -0.258305, 0.317692, 0.317692;
-0.23778, -0.23778, 0.290407, 0.290407;
-0.216728, -0.216728, 0.261415, 0.261415;
-0.195191, -0.195191, 0.230887, 0.230887;
-0.17321, -0.17321, 0.198999, 0.198999;
-0.150832, -0.150832, 0.165935, 0.165935;
-0.128104, -0.128104, 0.131883, 0.131883;
-0.105076, -0.105076, 0.0970362, 0.0970362;
-0.0818005, -0.0818005, 0.0615891, 0.0615891;
-0.0583292, -0.0583292, 0.0257401, 0.0257401;
-0.0347168, -0.0347168, -0.0103114, -0.0103114;
-0.0110182, -0.0110182, -0.0463654, -0.0463654;
0.0127111, 0.0127111, -0.0822217, -0.0822217;
0.0364154, 0.0364154, -0.117682, -0.117682;
0.0600388, 0.0600388, -0.152548, -0.152548;
0.0835258, 0.0835258, -0.186626, -0.186626;
0.106821, 0.106821, -0.219726, -0.219726;
0.12987, 0.12987, -0.251662, -0.251662;
0.152617, 0.152617, -0.282254, -0.282254;
0.175011, 0.175011, -0.311331, -0.311331;
0.196998, 0.196998, -0.338728, -0.338728;
0.218527, 0.218527, -0.364289, -0.364289;
0.239548, 0.239548, -0.38787, -0.38787;
0.26001, 0.26001, -0.409338, -0.409338;
0.279867, 0.279867, -0.428569, -0.428569;
0.29907, 0.29907, -0.445457, -0.445457;
0.317576, 0.317576, -0.459907, -0.459907;
0.335339, 0.335339, -0.471841, -0.471841;
0.352316, 0.352316, -0.481193, -0.481193;
0.368468, 0.368468, -0.487917, -0.487917;
0.383753, 0.383753, -0.491977, -0.491977;
0.398134, 0.398134, -0.493318, -0.493318;
0.411574, 0.411574, -0.492287, -0.492287;
0.424038, 0.424038, -0.490108, -0.490108;
0.435498, 0.435498, -0.486951, -0.486951;
0.445927, 0.445927, -0.482826, -0.482826;
0.4553, 0.4553, -0.477747, -0.477747;
0.463596, 0.463596, -0.471728, -0.471728;
0.470792, 0.470792, -0.464788, -0.464788;
0.476871, 0.476871, -0.456944, -0.456944;
0.481814, 0.481814, -0.448218, -0.448218;
0.485608, 0.485608, -0.438629, -0.438629;
0.48824, 0.48824, -0.428199, -0.428199;
0.489714, 0.489714, -0.416951, -0.416951;
0.490055, 0.490055, -0.404909, -0.404909;
0.488793, 0.488793, -0.392095, -0.392095;
0.484771, 0.484771, -0.378534, -0.378534;
0.477801, 0.477801, -0.364249, -0.364249;
0.467917, 0.467917, -0.349262, -0.349262;
0.455168, 0.455168, -0.333597, -0.333597;
0.439625, 0.439625, -0.317278, -0.317278;
0.421376, 0.421376, -0.300331, -0.300331;
0.400532, 0.400532, -0.282785, -0.282785;
0.377217, 0.377217, -0.264668, -0.264668;
0.351578, 0.351578, -0.246011, -0.246011;
0.323773, 0.323773, -0.226847, -0.226847;
0.293976, 0.293976, -0.20721, -0.20721;
0.262373, 0.262373, -0.187136, -0.187136;
0.229158, 0.229158, -0.166664, -0.166664;
0.194535, 0.194535, -0.145832, -0.145832;
0.158714, 0.158714, -0.124683, -0.124683;
0.121908, 0.121908, -0.103259, -0.103259;
0.0843351, 0.0843351, -0.0816045, -0.0816045;
0.0462146, 0.0462146, -0.0597647, -0.0597647;
0.00776645, 0.00776645, -0.037786, -0.037786;
-0.0307892, -0.0307892, -0.0157159, -0.0157159;
-0.0692332, -0.0692332, 0.00639767, 0.00639767;
-0.107348, -0.107348, 0.0285063, 0.0285063;
-0.14492, -0.14492, 0.050561, 0.050561;
-0.181738, -0.181738, 0.0725128, 0.0725128;
-0.217596, -0.217596, 0.0943125, 0.0943125;
-0.252294, -0.252294, 0.115911, 0.115911;
-0.285638, -0.285638, 0.137261, 0.137261;
-0.317443, -0.317443, 0.158312, 0.158312;
-0.347532, -0.347532, 0.179017, 0.179017;
-0.375739, -0.375739, 0.19933, 0.19933;
-0.401907, -0.401907, 0.219203, 0.219203;
-0.425895, -0.425895, 0.238592, 0.238592;
-0.447571, -0.447571, 0.25745, 0.25745;
-0.466821, -0.466821, 0.275736, 0.275736;
-0.483542, -0.483542, 0.293406, 0.293406;
-0.497651, -0.497651, 0.310419, 0.310419;
-0.509079, -0.509079, 0.326735, 0.326735;
-0.517774, -0.517774, 0.342315, 0.342315;
-0.523701, -0.523701, 0.357123, 0.357123;
-0.52684, -0.52684, 0.371122, 0.371122;
-0.527134, -0.527134, 0.384278, 0.384278;
-0.525262, -0.525262, 0.396559, 0.396559;
-0.522331, -0.522331, 0.407934, 0.407934;
-0.518423, -0.518423, 0.418377, 0.418377;
-0.513549, -0.513549, 0.427865, 0.427865;
-0.507724, -0.507724, 0.436374, 0.436374;
-0.500964, -0.500964, 0.443884, 0.443884;
-0.493286, -0.493286, 0.450377, 0.450377;
-0.484707, -0.484707, 0.455838, 0.455838;
-0.475246, -0.475246, 0.460251, 0.460251;
-0.464921, -0.464921, 0.463607, 0.463607;
-0.45375, -0.45375, 0.4659, 0.4659;
-0.441754, -0.441754, 0.467146, 0.467146;
-0.428951, -0.428951, 0.467313, 0.467313;
-0.415361, -0.415361, 0.465614, 0.465614;
-0.401002, -0.401002, 0.461242, 0.461242;
-0.38589, -0.38589, 0.454156, 0.454156;
-0.370039, -0.370039, 0.444395, 0.444395;
-0.353468, -0.353468, 0.432011, 0.432011;
-0.336195, -0.336195, 0.417075, 0.417075;
-0.318242, -0.318242, 0.399675, 0.399675;
-0.299633, -0.299633, 0.379912, 0.379912;
-0.280396, -0.280396, 0.357906, 0.357906;
-0.260558, -0.260558, 0.333786, 0.333786;
-0.240155, -0.240155, 0.307698, 0.307698;
-0.219221, -0.219221, 0.279796, 0.279796;
-0.197796, -0.197796, 0.250245, 0.250245;
-0.175921, -0.175921, 0.219218, 0.219218;
-0.153641, -0.153641, 0.186894, 0.186894;
-0.131002, -0.131002, 0.15346, 0.15346;
-0.108054, -0.108054, 0.119105, 0.119105;
-0.0848478, -0.0848478, 0.0840241, 0.0840241;
-0.0614355, -0.0614355, 0.0484141, 0.0484141;
-0.0378711, -0.0378711, 0.0124738, 0.0124738;
-0.014209, -0.014209, -0.0235967, -0.0235967;
0.00949537, 0.00949537, -0.0595968, -0.0595968;
0.0331865, 0.0331865, -0.0953265, -0.0953265;
0.0568085, 0.0568085, -0.130587, -0.130587;
0.0803057, 0.0803057, -0.165182, -0.165182;
0.103623, 0.103623, -0.198919, -0.198919;
0.126705, 0.126705, -0.231608, -0.231608;
0.149497, 0.149497, -0.263067, -0.263067;
0.171947, 0.171947, -0.293117, -0.293117;
0.194, 0.194, -0.321589, -0.321589;
0.215606, 0.215606, -0.348323, -0.348323;
0.236714, 0.236714, -0.373165, -0.373165;
0.257275, 0.257275, -0.395976, -0.395976;
0.277239, 0.277239, -0.416626, -0.416626;
0.29656, 0.29656, -0.434998, -0.434998;
0.315191, 0.315191, -0.450989, -0.450989;
0.33309, 0.33309, -0.464509, -0.464509;
0.350212, 0.350212, -0.475486, -0.475486;
0.366516, 0.366516, -0.483861, -0.483861;
0.381963, 0.381963, -0.489592, -0.489592;
0.396513, 0.396513, -0.492644, -0.492644;
0.41013, 0.41013, -0.492959, -0.492959;
0.422779, 0.422779, -0.491413, -0.491413;
0.434427, 0.434427, -0.488848, -0.488848;
0.445048, 0.445048, -0.485307, -0.485307;
0.454617, 0.454617, -0.480801, -0.480801;
0.463111, 0.463111, -0.475344, -0.475344;
0.470509, 0.470509, -0.468953, -0.468953;
0.476792, 0.476792, -0.461645, -0.461645;
0.481943, 0.481943, -0.45344, -0.45344;
0.485947, 0.485947, -0.444357, -0.444357;
0.488791, 0.488791, -0.434418, -0.434418;
0.490475, 0.490475, -0.423645, -0.423645;
0.491025, 0.491025, -0.412061, -0.412061;
0.490166, 0.490166, -0.399689, -0.399689;
0.486706, 0.486706, -0.386554, -0.386554;
0.480298, 0.480298, -0.372679, -0.372679;
0.470969, 0.470969, -0.358084, -0.358084;
0.458765, 0.458765, -0.342795, -0.342795;
0.443754, 0.443754, -0.326834, -0.326834;
0.426022, 0.426022, -0.310229, -0.310229;
0.405673, 0.405673, -0.293005, -0.293005;
0.382832, 0.382832, -0.275191, -0.275191;
0.357638, 0.357638, -0.256819, -0.256819;
0.33025, 0.33025, -0.237919, -0.237919;
0.300836, 0.300836, -0.218526, -0.218526;
0.269581, 0.269581, -0.198674, -0.198674;
0.236675, 0.236675, -0.178403, -0.178403;
0.202322, 0.202322, -0.157749, -0.157749;
0.166728, 0.166728, -0.136755, -0.136755;
0.130107, 0.130107, -0.115463, -0.115463;
0.0926733, 0.0926733, -0.0939157, -0.0939157;
0.0546462, 0.0546462, -0.0721585, -0.0721585;
0.016245, 0.016245, -0.0502375, -0.0502375;
-0.0223104, -0.0223104, -0.0281996, -0.0281996;
-0.0608013, -0.0608013, -0.00609255, -0.00609255;
-0.0990103, -0.0990103, 0.0160353, 0.0160353;
-0.136722, -0.136722, 0.0381353, 0.0381353;
-0.173727, -0.173727, 0.0601584, 0.0601584;
-0.209816, -0.209816, 0.0820554, 0.0820554;
-0.244789, -0.244789, 0.103777, 0.103777;
-0.27845, -0.27845, 0.125276, 0.125276;
-0.310613, -0.310613, 0.146501, 0.146501;
-0.341099, -0.341099, 0.167407, 0.167407;
-0.36974, -0.36974, 0.187944, 0.187944;
-0.396376, -0.396376, 0.208066, 0.208066;
-0.420863, -0.420863, 0.227728, 0.227728;
-0.443067, -0.443067, 0.246884, 0.246884;
-0.46287, -0.46287, 0.265489, 0.265489;
-0.480167, -0.480167, 0.283501, 0.283501;
-0.494871, -0.494871, 0.300878, 0.300878;
-0.506909, -0.506909, 0.317579, 0.317579;
-0.516226, -0.516226, 0.333565, 0.333565;
-0.522784, -0.522784, 0.348797, 0.348797;
-0.526561, -0.526561, 0.36324, 0.36324;
-0.527512, -0.527512, 0.376858, 0.376858;
-0.525985, -0.525985, 0.389617, 0.389617;
-0.523293, -0.523293, 0.401487, 0.401487;
-0.519622, -0.519622, 0.412439, 0.412439;
-0.514985, -0.514985, 0.422448, 0.422448;
-0.509395, -0.509395, 0.431491, 0.431491;
-0.50287, -0.50287, 0.439547, 0.439547;
-0.495425, -0.495425, 0.446596, 0.446596;
-0.487077, -0.487077, 0.45262, 0.45262;
-0.477846, -0.477846, 0.457605, 0.457605;
-0.467749, -0.467749, 0.461537, 0.461537;
-0.456806, -0.456806, 0.464408, 0.464408;
-0.445034, -0.445034, 0.46622, 0.46622;
-0.432453, -0.432453, 0.466998, 0.466998;
-0.419083, -0.419083, 0.466471, 0.466471;
-0.404943, -0.404943, 0.463572, 0.463572;
-0.39005, -0.39005, 0.457952, 0.457952;
-0.374419, -0.374419, 0.449633, 0.449633;
-0.358065, -0.358065, 0.438661, 0.438661;
-0.341007, -0.341007, 0.425097, 0.425097;
-0.323266, -0.323266, 0.409018, 0.409018;
-0.304865, -0.304865, 0.390519, 0.390519;
-0.285828, -0.285828, 0.369709, 0.369709;
-0.266185, -0.266185, 0.346713, 0.346713;
-0.245967, -0.245967, 0.321668, 0.321668;
-0.225208, -0.225208, 0.294724, 0.294724;
-0.203947, -0.203947, 0.26604, 0.26604;
-0.182223, -0.182223, 0.235786, 0.235786;
-0.16008, -0.16008, 0.204137, 0.204137;
-0.137564, -0.137564, 0.171277, 0.171277;
-0.114723, -0.114723, 0.137393, 0.137393;
-0.0916066, -0.0916066, 0.102679, 0.102679;
-0.0682676, -0.0682676, 0.0673293, 0.0673293;
-0.0447587, -0.0447587, 0.0315432, 0.0315432;
-0.0211344, -0.0211344, -0.00447997, -0.00447997;
0.00255045, 0.00255045, -0.0405395, -0.0405395;
0.0262403, 0.0262403, -0.076435, -0.076435;
0.0498794, 0.0498794, -0.111967, -0.111967;
0.0734121, 0.0734121, -0.146937, -0.146937;
0.0967828, 0.0967828, -0.181151, -0.181151;
0.119936, 0.119936, -0.214416, -0.214416;
0.142818, 0.142818, -0.246547, -0.246547;
0.165375, 0.165375, -0.277363, -0.277363;
0.187553, 0.187553, -0.30669, -0.30669;
0.2093, 0.2093, -0.334362, -0.334362;
0.230566, 0.230566, -0.360222, -0.360222;
0.251299, 0.251299, -0.384123, -0.384123;
0.271453, 0.271453, -0.40593, -0.40593;
0.290979, 0.290979, -0.425519, -0.425519;
0.30983, 0.30983, -0.442779, -0.442779;
0.327963, 0.327963, -0.457613, -0.457613;
0.345333, 0.345333, -0.469941, -0.469941;
0.361899, 0.361899, -0.479695, -0.479695;
0.37762, 0.37762, -0.486824, -0.486824;
0.392458, 0.392458, -0.491292, -0.491292;
0.406374, 0.406374, -0.493051, -0.493051;
0.419334, 0.419334, -0.492281, -0.492281;
0.431303, 0.431303, -0.490249, -0.490249;
0.442252, 0.442252, -0.487233, -0.487233;
0.452157, 0.452157, -0.483244, -0.483244;
0.460994, 0.460994, -0.478296, -0.478296;
0.468741, 0.468741, -0.472403, -0.472403;
0.475379, 0.475379, -0.465583, -0.465583;
0.480891, 0.480891, -0.457853, -0.457853;
0.485259, 0.485259, -0.449233, -0.449233;
0.488473, 0.488473, -0.439745, -0.439745;
0.490524, 0.490524, -0.42941, -0.42941;
0.49143, 0.49143, -0.41825, -0.41825;
0.491126, 0.491126, -0.406289, -0.406289;
0.488601, 0.488601, -0.393551, -0.393551;
0.483144, 0.483144, -0.380058, -0.380058;
0.474755, 0.474755, -0.365833, -0.365833;
0.463475, 0.463475, -0.350898, -0.350898;
0.449365, 0.449365, -0.335279, -0.335279;
0.432504, 0.432504, -0.318999, -0.318999;
0.412993, 0.412993, -0.302085, -0.302085;
0.390948, 0.390948, -0.284565, -0.284565;
0.366505, 0.366505, -0.26647, -0.26647;
0.339816, 0.339816, -0.247829, -0.247829;
0.311046, 0.311046, -0.228677, -0.228677;
0.280375, 0.280375, -0.209048, -0.209048;
0.247991, 0.247991, -0.188979, -0.188979;
0.214092, 0.214092, -0.168508, -0.168508;
0.178885, 0.178885, -0.147675, -0.147675;
0.142579, 0.142579, -0.126522, -0.126522;
0.10539, 0.10539, -0.105092, -0.105092;
0.0675355, 0.0675355, -0.0834293, -0.0834293;
0.0292334, 0.0292334, -0.0615793, -0.0615793;
-0.0092964, -0.0092964, -0.0395888, -0.0395888;
-0.0478348, -0.0478348, -0.0175052, -0.0175052;
-0.086164, -0.086164, 0.00462342, 0.00462342;
-0.124068, -0.124068, 0.0267485, 0.0267485;
-0.161336, -0.161336, 0.0488212, 0.0488212;
-0.197757, -0.197757, 0.0707923, 0.0707923;
-0.23313, -0.23313, 0.0926128, 0.0926128;
-0.267257, -0.267257, 0.114234, 0.114234;
-0.299948, -0.299948, 0.135606, 0.135606;
-0.331021, -0.331021, 0.156682, 0.156682;
-0.360305, -0.360305, 0.177414, 0.177414;
-0.387638, -0.387638, 0.197754, 0.197754;
-0.412869, -0.412869, 0.217656, 0.217656;
-0.435862, -0.435862, 0.237074, 0.237074;
-0.456492, -0.456492, 0.255965, 0.255965;
-0.474652, -0.474652, 0.274283, 0.274283;
-0.490246, -0.490246, 0.291987, 0.291987;
-0.503199, -0.503199, 0.309035, 0.309035;
-0.513448, -0.513448, 0.325387, 0.325387;
-0.52095, -0.52095, 0.341005, 0.341005;
-0.525678, -0.525678, 0.355851, 0.355851;
-0.527606, -0.527606, 0.369889, 0.369889;
-0.526762, -0.526762, 0.383085, 0.383085;
-0.524401, -0.524401, 0.395407, 0.395407;
-0.521049, -0.521049, 0.406825, 0.406825;
-0.516728, -0.516728, 0.417313, 0.417313;
-0.511452, -0.511452, 0.426847, 0.426847;
-0.505235, -0.505235, 0.435403, 0.435403;
-0.498096, -0.498096, 0.442963, 0.442963;
-0.49005, -0.49005, 0.449506, 0.449506;
-0.481116, -0.481116, 0.455018, 0.455018;
-0.471312, -0.471312, 0.459483, 0.459483;
-0.460656, -0.460656, 0.462891, 0.462891;
-0.449168, -0.449168, 0.465236, 0.465236;
-0.436866, -0.436866, 0.466533, 0.466533;
-0.42377, -0.42377, 0.466759, 0.466759;
-0.4099, -0.4099, 0.465172, 0.465172;
-0.395273, -0.395273, 0.460921, 0.460921;
-0.379904, -0.379904, 0.453956, 0.453956;
-0.363811, -0.363811, 0.444312, 0.444312;
-0.347009, -0.347009, 0.432043, 0.432043;
-0.329517, -0.329517, 0.417218, 0.417218;
-0.311359, -0.311359, 0.399923, 0.399923;
-0.292558, -0.292558, 0.38026, 0.38026;
-0.27314, -0.27314, 0.358346, 0.358346;
-0.253137, -0.253137, 0.334312, 0.334312;
-0.232581, -0.232581, 0.308302, 0.308302;
-0.211509, -0.211509, 0.28047, 0.28047;
-0.189959, -0.189959, 0.250982, 0.250982;
-0.167975, -0.167975, 0.220009, 0.220009;
-0.1456, -0.1456, 0.187732, 0.187732;
-0.122883, -0.122883, 0.154338, 0.154338;
-0.0998714, -0.0998714, 0.120015, 0.120015;
-0.0766174, -0.0766174, 0.0849595, 0.0849595;
-0.0531734, -0.0531734, 0.0493677, 0.0493677;
-0.0295933, -0.0295933, 0.0134391, 0.0134391;
-0.00593183, -0.00593183, -0.0226261, -0.0226261;
0.0177557, 0.0177557, -0.0586269, -0.0586269;
0.0414136, 0.0414136, -0.0943632, -0.0943632;
0.0649862, 0.0649862, -0.129636, -0.129636;
0.0884178, 0.0884178, -0.164249, -0.164249;
0.111653, 0.111653, -0.198008, -0.198008;
0.134638, 0.134638, -0.230725, -0.230725;
0.157317, 0.157317, -0.262216, -0.262216;
0.179637, 0.179637, -0.292303, -0.292303;
0.201547, 0.201547, -0.320816, -0.320816;
0.222994, 0.222994, -0.347594, -0.347594;
0.243928, 0.243928, -0.372485, -0.372485;
0.264301, 0.264301, -0.395347, -0.395347;
0.284063, 0.284063, -0.41605, -0.41605;
0.303168, 0.303168, -0.434478, -0.434478;
0.321572, 0.321572, -0.450526, -0.450526;
0.339229, 0.339229, -0.464106, -0.464106;
0.356098, 0.356098, -0.475142, -0.475142;
0.372137, 0.372137, -0.483577, -0.483577;
0.387307, 0.387307, -0.489367, -0.489367;
0.40157, 0.40157, -0.492478, -0.492478;
0.41489, 0.41489, -0.49285, -0.49285;
0.427231, 0.427231, -0.491329, -0.491329;
0.438564, 0.438564, -0.488783, -0.488783;
0.44886, 0.44886, -0.485261, -0.485261;
0.458096, 0.458096, -0.480772, -0.480772;
0.466251, 0.466251, -0.47533, -0.47533;
0.473303, 0.473303, -0.468952, -0.468952;
0.479234, 0.479234, -0.461655, -0.461655;
0.484029, 0.484029, -0.453458, -0.453458;
0.487672, 0.487672, -0.444382, -0.444382;
0.490155, 0.490155, -0.434447, -0.434447;
0.491482, 0.491482, -0.423677, -0.423677;
0.491672, 0.491672, -0.412093, -0.412093;
0.490136, 0.490136, -0.39972, -0.39972;
0.485776, 0.485776, -0.386581, -0.386581;
0.478473, 0.478473, -0.372698, -0.372698;
0.468262, 0.468262, -0.358094, -0.358094;
0.455197, 0.455197, -0.342793, -0.342793;
0.439349, 0.439349, -0.326818, -0.326818;
0.420813, 0.420813, -0.310196, -0.310196;
0.399697, 0.399697, -0.292955, -0.292955;
0.376132, 0.376132, -0.275122, -0.275122;
0.350263, 0.350263, -0.25673, -0.25673;
0.322251, 0.322251, -0.23781, -0.23781;
0.292269, 0.292269, -0.218396, -0.218396;
0.260504, 0.260504, -0.198524, -0.198524;
0.227149, 0.227149, -0.178232, -0.178232;
0.192408, 0.192408, -0.15756, -0.15756;
0.15649, 0.15649, -0.136547, -0.136547;
0.119608, 0.119608, -0.115237, -0.115237;
0.0819772, 0.0819772, -0.0936737, -0.0936737;
0.043817, 0.043817, -0.0719019, -0.0719019;
0.00534632, 0.00534632, -0.0499678, -0.0499678;
-0.0332157, -0.0332157, -0.0279186, -0.0279186;
-0.0716507, -0.0716507, -0.00580211, -0.00580211;
-0.109742, -0.109742, 0.0163334, 0.0163334;
-0.147277, -0.147277, 0.038439, 0.038439;
-0.184044, -0.184044, 0.0604658, 0.0604658;
-0.21984, -0.21984, 0.0823646, 0.0823646;
-0.254463, -0.254463, 0.104086, 0.104086;
-0.287722, -0.287722, 0.125582, 0.125582;
-0.319431, -0.319431, 0.146804, 0.146804;
-0.349415, -0.349415, 0.167703, 0.167703;
-0.377509, -0.377509, 0.188233, 0.188233;
-0.403556, -0.403556, 0.208345, 0.208345;
-0.427417, -0.427417, 0.227996, 0.227996;
-0.44896, -0.44896, 0.247138, 0.247138;
-0.468072, -0.468072, 0.265728, 0.265728;
-0.484654, -0.484654, 0.283724, 0.283724;
-0.498621, -0.498621, 0.301083, 0.301083;
-0.509907, -0.509907, 0.317764, 0.317764;
-0.518461, -0.518461, 0.333728, 0.333728;
-0.52425, -0.52425, 0.348938, 0.348938;
-0.527253, -0.527253, 0.363356, 0.363356;
-0.527416, -0.527416, 0.376949, 0.376949;
-0.525482, -0.525482, 0.389681, 0.389681;
-0.522506, -0.522506, 0.401523, 0.401523;
-0.518558, -0.518558, 0.412446, 0.412446;
