-0, -0, -0, -0;
4.76837e-07, 4.76837e-07, 4.76837e-07, 4.76837e-07;
-0.0110896, -0.0110784, 0.0111756, 0.0111198;
-0.01324, -0.0132398, 0.0128365, 0.012846;
-0.0136133, -0.013642, 0.0130734, 0.0130877;
-0.0136398, -0.0135995, 0.0130281, 0.0130224;
-0.0134933, -0.0134853, 0.0128822, 0.0128608;
-0.013323, -0.013331, 0.0126481, 0.0126476;
-0.0130951, -0.0131029, 0.0123525, 0.0123525;
-0.0128174, -0.0128178, 0.0119672, 0.0119658;
-0.0124824, -0.0124954, 0.0114808, 0.0114832;
-0.01209, -0.0120953, 0.0109177, 0.0109038;
-0.0116335, -0.0116305, 0.0102248, 0.0102253;
-0.0111127, -0.0111192, 0.00943422, 0.00943279;
-0.0105344, -0.0105386, 0.00853205, 0.00853252;
-0.00989178, -0.00989512, 0.00752211, 0.00752163;
-0.00918578, -0.00918443, 0.00639772, 0.00639772;
-0.00840926, -0.00841277, 0.00515842, 0.0051589;
-0.00756285, -0.00756401, 0.00380564, 0.00380516;
-0.00664826, -0.00664637, 0.00233793, 0.00233889;
-0.00565085, -0.00565411, 0.000763416, 0.00076437;
-0.00457858, -0.00457855, -0.000930069, -0.00092607;
-0.00341836, -0.00341825, -0.00271601, -0.00271525;
-0.00217155, -0.00217184, -0.00461172, -0.00461278;
-0.000832508, -0.000832898, -0.0066045, -0.00660739;
0.00377226, 0.00267363, -0.00888383, -0.00857014;
0.00397968, 0.00297022, -0.0110754, -0.0109735;
0.00298691, 0.00311279, -0.0132487, -0.0130724;
0.00337267, 0.00440693, -0.0153918, -0.0156339;
0.00603199, 0.00697994, -0.0178712, -0.0179309;
0.00866032, 0.00914288, -0.0202394, -0.0203995;
0.0111284, 0.0114274, -0.0227418, -0.0226845;
0.0135255, 0.0135307, -0.0252826, -0.0252665;
0.0158582, 0.015852, -0.027799, -0.0277991;
0.018301, 0.0182929, -0.0303241, -0.0303343;
0.0208492, 0.0208874, -0.032871, -0.0328935;
0.0235209, 0.0235353, -0.0353739, -0.035344;
0.026288, 0.0262976, -0.0378379, -0.0378417;
0.0291715, 0.0291843, -0.0402445, -0.0402508;
0.0321522, 0.0321493, -0.0425915, -0.0425931;
0.0352407, 0.0352373, -0.0448317, -0.0448382;
0.0384369, 0.0384398, -0.0469721, -0.0469753;
0.0417323, 0.0417323, -0.0489816, -0.048975;
0.0451374, 0.0451221, -0.0508394, -0.0508462;
0.0486312, 0.0486016, -0.052532, -0.0525388;
0.0522137, 0.0522223, -0.0540452, -0.0540519;
0.0558977, 0.0559072, -0.055346, -0.0553619;
0.0596528, 0.059659, -0.0564165, -0.0564218;
0.0634832, 0.0634766, -0.0572957, -0.0572977;
0.0673814, 0.06738, -0.0579404, -0.057939;
0.0713239, 0.0713372, -0.0583501, -0.0583548;
0.0753174, 0.0753379, -0.0585682, -0.0585749;
0.0793486, 0.0793452, -0.0586247, -0.0586237;
0.0844092, 0.0842619, -0.0597524, -0.0604244;
0.0883245, 0.089498, -0.0580765, -0.0586304;
0.0916529, 0.0920057, -0.058479, -0.0586694;
0.095633, 0.0953813, -0.0574694, -0.0585571;
0.0997338, 0.0997262, -0.0571255, -0.056658;
0.103377, 0.103613, -0.0553098, -0.0556755;
0.10679, 0.107522, -0.0545282, -0.0553921;
0.111079, 0.111076, -0.0538439, -0.054644;
0.114385, 0.114805, -0.0523275, -0.0522628;
0.118104, 0.118255, -0.0509516, -0.0509725;
0.121502, 0.121986, -0.0495014, -0.049815;
0.125141, 0.125096, -0.0464828, -0.0474238;
0.128505, 0.12846, -0.0454413, -0.045711;
0.1312, 0.131523, -0.0421706, -0.0426992;
0.13431, 0.134335, -0.0400755, -0.0400219;
0.136668, 0.135596, -0.035434, -0.0369803;
0.138471, 0.139087, -0.0369594, -0.026913;
0.140986, 0.140885, -0.0279308, -0.0333315;
0.143373, 0.143287, -0.0275165, -0.0276189;
0.145072, 0.145023, -0.0242118, -0.0244713;
0.146276, 0.146343, -0.0208174, -0.020751;
0.147262, 0.147446, -0.0166438, -0.015028;
0.148023, 0.148048, -0.0122923, -0.0120912;
0.148002, 0.14801, -0.0076485, -0.00704821;
0.146965, 0.147109, -0.00286657, -0.00273507;
0.145192, 0.145255, 0.00241184, 0.00332355;
0.142339, 0.142382, 0.00789118, 0.00800228;
0.13842, 0.1384, 0.0128598, 0.0130281;
0.133436, 0.133342, 0.0191483, 0.0186877;
0.127143, 0.127217, 0.0250964, 0.0247622;
0.119968, 0.120096, 0.0304246, 0.0309281;
0.111521, 0.111636, 0.0377169, 0.0377979;
0.101969, 0.102031, 0.0443068, 0.0443263;
0.0913124, 0.0913529, 0.0512824, 0.0513997;
0.0795197, 0.0795307, 0.0582962, 0.058414;
0.0667129, 0.0667548, 0.0655246, 0.0652027;
0.0529184, 0.0529299, 0.0728879, 0.0728016;
0.0381484, 0.0381618, 0.080337, 0.0803366;
0.0225353, 0.0225377, 0.0879092, 0.0879059;
0.00618553, 0.00618172, 0.0955682, 0.0955453;
-0.0108121, -0.010814, 0.10324, 0.103233;
-0.0283297, -0.0283282, 0.110978, 0.110979;
-0.0462505, -0.0462515, 0.118706, 0.118712;
-0.0644188, -0.0644204, 0.126401, 0.126442;
-0.0827147, -0.0827161, 0.134103, 0.134115;
-0.101005, -0.101001, 0.141714, 0.141738;
-0.119133, -0.11913, 0.149248, 0.149239;
-0.136968, -0.136968, 0.156641, 0.156636;
-0.154376, -0.15437, 0.163852, 0.163855;
-0.171199, -0.171203, 0.170895, 0.170887;
-0.187353, -0.187356, 0.177725, 0.177759;
-0.202639, -0.202847, 0.184418, 0.184236;
-0.216728, -0.21673, 0.1906, 0.190756;
-0.230432, -0.230207, 0.196826, 0.196702;
-0.2427, -0.242679, 0.202372, 0.202403;
-0.253778, -0.25381, 0.207825, 0.207794;
-0.263552, -0.266722, 0.2129, 0.212882;
-0.271909, -0.272419, 0.217626, 0.217441;
-0.279022, -0.279071, 0.221785, 0.221773;
-0.28455, -0.284536, 0.22566, 0.225642;
-0.288892, -0.288514, 0.229111, 0.229115;
-0.291078, -0.290995, 0.232081, 0.232078;
-0.291839, -0.291827, 0.234611, 0.234586;
-0.291378, -0.291373, 0.236598, 0.236639;
-0.290152, -0.290168, 0.23818, 0.238172;
-0.288283, -0.288322, 0.239197, 0.23919;
-0.285822, -0.285849, 0.239709, 0.239731;
-0.282721, -0.282714, 0.239366, 0.239398;
-0.27898, -0.278995, 0.237789, 0.237798;
-0.274649, -0.274652, 0.23483, 0.234817;
-0.269587, -0.269758, 0.23436, 0.245998;
-0.266355, -0.266616, 0.229908, 0.225122;
-0.260177, -0.258794, 0.217604, 0.213497;
-0.252997, -0.251263, 0.214987, 0.218524;
-0.24413, -0.243797, 0.207063, 0.205081;
-0.235794, -0.23621, 0.189084, 0.194495;
-0.227336, -0.227449, 0.175778, 0.176575;
-0.218289, -0.218328, 0.162108, 0.162196;
-0.208708, -0.208679, 0.147366, 0.147399;
-0.198556, -0.198523, 0.131699, 0.131693;
-0.187886, -0.18789, 0.115012, 0.115014;
-0.17671, -0.176703, 0.0975056, 0.0975633;
-0.16514, -0.165165, 0.0792599, 0.0793428;
-0.153101, -0.153109, 0.0604534, 0.060482;
-0.140666, -0.140698, 0.0410404, 0.0411234;
-0.128224, -0.127966, 0.0196395, 0.0227671;
-0.114829, -0.114833, 0.00343513, 0.00995493;
-0.101801, -0.101465, -0.02179, -0.0195025;
-0.0878587, -0.0877016, -0.0385311, -0.0401452;
-0.0738827, -0.073862, -0.0592422, -0.0590227;
-0.059859, -0.059919, -0.079254, -0.0792962;
-0.0456418, -0.0456985, -0.0987124, -0.0989118;
-0.0313241, -0.0313226, -0.118227, -0.117735;
-0.0169501, -0.017033, -0.136683, -0.13638;
-0.00252783, -0.00263625, -0.154531, -0.15306;
0.0119424, 0.0120044, -0.17178, -0.171455;
0.0263257, 0.0263281, -0.187852, -0.187831;
0.0406775, 0.0406733, -0.20275, -0.203771;
0.0548763, 0.0548482, -0.216608, -0.217723;
0.0689654, 0.0690212, -0.229946, -0.231162;
0.0828013, 0.0827975, -0.242218, -0.242165;
0.0965314, 0.0964971, -0.252797, -0.253552;
0.109941, 0.109916, -0.262153, -0.262024;
0.123093, 0.123095, -0.269714, -0.26957;
0.135962, 0.135948, -0.276123, -0.276471;
0.148463, 0.148468, -0.280904, -0.280473;
0.160685, 0.160591, -0.284238, -0.283957;
0.172375, 0.172337, -0.285958, -0.285933;
0.183617, 0.18372, -0.285235, -0.286901;
0.19458, 0.194577, -0.28536, -0.285174;
0.205013, 0.205021, -0.283675, -0.283859;
0.214925, 0.214906, -0.28211, -0.28219;
0.22434, 0.224338, -0.279413, -0.279708;
0.2332, 0.233212, -0.276188, -0.276683;
0.241506, 0.241522, -0.272858, -0.273033;
0.249265, 0.24927, -0.268916, -0.268847;
0.256398, 0.256415, -0.264264, -0.264202;
0.262924, 0.262928, -0.259152, -0.258998;
0.268837, 0.268846, -0.253332, -0.253621;
0.274088, 0.274069, -0.247412, -0.247527;
0.278693, 0.278663, -0.240924, -0.240943;
0.28259, 0.282591, -0.23394, -0.233938;
0.285832, 0.285829, -0.226517, -0.226507;
0.288374, 0.288369, -0.218657, -0.218656;
0.290176, 0.290228, -0.210393, -0.210379;
0.291296, 0.291295, -0.201707, -0.201647;
0.291729, 0.291755, -0.192681, -0.192685;
0.291156, 0.29116, -0.183234, -0.183225;
0.289015, 0.289005, -0.173468, -0.173456;
0.285133, 0.285131, -0.163328, -0.163375;
0.279475, 0.279469, -0.152911, -0.152903;
0.2721, 0.27208, -0.142143, -0.142145;
0.26295, 0.262962, -0.131173, -0.131149;
0.252053, 0.252046, -0.119863, -0.119872;
0.239617, 0.239608, -0.108333, -0.108293;
0.225656, 0.225644, -0.0965604, -0.0965341;
0.210197, 0.210213, -0.0845775, -0.0845728;
0.193439, 0.193453, -0.0723598, -0.0723802;
0.175377, 0.175351, -0.0600314, -0.0599976;
0.156207, 0.156199, -0.0475213, -0.0475128;
0.136006, 0.136003, -0.0349245, -0.034913;
0.114945, 0.114972, -0.0222005, -0.0221971;
0.0931678, 0.0931458, -0.00942379, -0.00942943;
0.0707412, 0.0707512, 0.00339651, 0.00339413;
0.0478449, 0.0478544, 0.0162158, 0.0162091;
0.0246248, 0.0246296, 0.0290337, 0.0290284;
0.00121021, 0.00120783, 0.0418034, 0.0417981;
-0.0222737, -0.0222714, 0.054502, 0.0545053;
-0.045666, -0.0456598, 0.0670934, 0.0670958;
-0.0688531, -0.0688409, 0.0795536, 0.0795588;
-0.0916704, -0.0916834, 0.0918646, 0.091867;
-0.114035, -0.114031, 0.103979, 0.103981;
-0.135791, -0.135779, 0.115879, 0.115882;
-0.156801, -0.156789, 0.127541, 0.127547;
-0.176962, -0.176955, 0.138947, 0.138924;
-0.196193, -0.196186, 0.150038, 0.150033;
-0.214322, -0.214306, 0.160805, 0.160799;
-0.231302, -0.231304, 0.171242, 0.171225;
-0.247026, -0.247027, 0.181288, 0.181284;
-0.261392, -0.261346, 0.19096, 0.190966;
-0.274273, -0.274271, 0.200209, 0.200183;
-0.285686, -0.285691, 0.209041, 0.209001;
-0.295537, -0.295542, 0.21735, 0.217341;
-0.30379, -0.303829, 0.225229, 0.225186;
-0.310344, -0.31032, 0.232616, 0.232589;
-0.315239, -0.315236, 0.239445, 0.239456;
-0.318445, -0.318497, 0.245785, 0.245754;
-0.319896, -0.319887, 0.251536, 0.25152;
-0.319641, -0.319632, 0.256726, 0.256715;
-0.318144, -0.322346, 0.260706, 0.278029;
-0.315893, -0.316634, 0.27569, 0.267557;
-0.313737, -0.313468, 0.267227, 0.27073;
-0.310728, -0.310546, 0.2718, 0.274907;
-0.306483, -0.306903, 0.273667, 0.273342;
-0.302326, -0.302416, 0.275076, 0.275131;
-0.29742, -0.297509, 0.276209, 0.276174;
-0.291851, -0.291793, 0.276638, 0.27651;
-0.285712, -0.285649, 0.276335, 0.276098;
-0.279073, -0.279073, 0.274311, 0.274258;
-0.271817, -0.271825, 0.270794, 0.270784;
-0.264048, -0.264103, 0.265716, 0.265788;
-0.255826, -0.255844, 0.259152, 0.259127;
-0.247108, -0.247082, 0.251066, 0.251071;
-0.237829, -0.237826, 0.241495, 0.241474;
-0.228084, -0.228086, 0.2305, 0.230502;
-0.21784, -0.217845, 0.218159, 0.218168;
-0.207152, -0.207159, 0.204545, 0.204563;
-0.196029, -0.196028, 0.189788, 0.189806;
-0.184484, -0.184499, 0.173933, 0.173975;
-0.17246, -0.17264, 0.16062, 0.16125;
-0.160178, -0.160895, 0.142067, 0.136456;
-0.147233, -0.148008, 0.125664, 0.122322;
-0.135223, -0.134772, 0.112685, 0.107325;
-0.121489, -0.121486, 0.0831923, 0.0825543;
-0.108112, -0.108208, 0.0610008, 0.065856;
-0.0941597, -0.0941639, 0.0406966, 0.0414352;
-0.0801256, -0.0800725, 0.0198359, 0.0197515;
-0.0658877, -0.0658384, -0.00127253, -0.00147131;
-0.0515592, -0.0515359, -0.0225052, -0.022406;
-0.0371358, -0.0371717, -0.0438293, -0.0420449;
-0.0225985, -0.0226824, -0.0643344, -0.0639791;
-0.00796351, -0.00797851, -0.0848644, -0.0846063;
0.00664377, 0.00658607, -0.104528, -0.105055;
0.0211682, 0.0211511, -0.124032, -0.124505;
0.0355334, 0.0355511, -0.143147, -0.142483;
0.0499611, 0.049974, -0.160208, -0.161366;
0.0642104, 0.0642538, -0.178403, -0.179015;
0.0782781, 0.0783467, -0.195077, -0.194351;
0.0921226, 0.0921507, -0.209792, -0.210192;
0.105817, 0.105828, -0.223482, -0.224621;
0.119194, 0.119166, -0.237083, -0.2371;
0.132348, 0.132231, -0.246473, -0.249142;
0.144924, 0.14508, -0.258797, -0.257555;
0.157533, 0.15763, -0.268557, -0.26753;
0.169656, 0.169667, -0.275455, -0.275247;
0.181274, 0.181312, -0.280883, -0.280462;
0.192469, 0.19247, -0.284749, -0.284512;
0.203215, 0.203291, -0.287923, -0.28785;
0.213441, 0.213536, -0.289387, -0.287879;
0.22331, 0.223371, -0.289155, -0.288459;
0.232641, 0.232637, -0.287849, -0.287918;
0.241233, 0.241233, -0.285788, -0.286133;
0.249334, 0.249315, -0.2839, -0.284009;
0.256846, 0.256891, -0.281108, -0.280974;
0.263749, 0.263735, -0.277737, -0.277722;
0.270036, 0.270076, -0.273895, -0.274211;
0.275659, 0.275642, -0.269499, -0.269334;
0.280602, 0.280622, -0.264575, -0.264563;
0.284936, 0.28496, -0.258963, -0.259102;
0.288521, 0.288502, -0.253282, -0.253252;
0.291437, 0.291417, -0.246853, -0.246889;
0.293634, 0.293628, -0.239992, -0.240016;
0.29513, 0.295132, -0.232704, -0.232716;
0.29592, 0.295918, -0.224972, -0.224964;
0.295986, 0.295994, -0.216802, -0.2168;
0.294834, 0.29482, -0.208204, -0.208206;
0.291974, 0.291967, -0.199245, -0.199242;
0.287392, 0.287396, -0.189882, -0.189862;
0.281045, 0.28097, -0.18017, -0.180137;
0.272865, 0.272876, -0.170072, -0.170069;
0.262966, 0.262961, -0.159691, -0.159708;
0.251516, 0.251489, -0.14894, -0.148985;
0.2384, 0.238403, -0.137967, -0.137958;
0.223849, 0.223831, -0.126668, -0.12667;
0.207862, 0.207843, -0.115087, -0.115119;
0.190619, 0.190561, -0.103293, -0.103318;
0.172111, 0.172075, -0.0912768, -0.0912926;
0.152539, 0.152526, -0.0790556, -0.0790905;
0.132015, 0.132005, -0.0666494, -0.0666594;
0.110652, 0.110661, -0.0540996, -0.0541215;
0.0886083, 0.0886054, -0.0414146, -0.0414235;
0.0660024, 0.0660028, -0.0286366, -0.0286351;
0.0429454, 0.0429463, -0.0157769, -0.0157796;
0.0196037, 0.0196066, -0.00287937, -0.00287929;
-0.00389017, -0.00389627, 0.0100389, 0.0100422;
-0.0274135, -0.027405, 0.0229406, 0.0229473;
-0.0508237, -0.0508203, 0.0358067, 0.0358148;
-0.0739753, -0.0739712, 0.048605, 0.0486126;
-0.0967638, -0.0967569, 0.0613217, 0.0613136;
-0.119027, -0.119042, 0.0738897, 0.0738888;
-0.140688, -0.140654, 0.0863104, 0.0863042;
-0.161573, -0.161554, 0.0985441, 0.0985174;
-0.181566, -0.18157, 0.110585, 0.110572;
-0.200595, -0.200596, 0.12238, 0.122361;
-0.218564, -0.218554, 0.133888, 0.133852;
-0.234442, -0.235116, 0.144924, 0.145097;
-0.24981, -0.250969, 0.155522, 0.155975;
-0.262131, -0.264935, 0.166286, 0.166625;
-0.276381, -0.277516, 0.176677, 0.176742;
-0.288616, -0.288737, 0.186502, 0.186612;
-0.298453, -0.298594, 0.196062, 0.19607;
-0.306327, -0.306406, 0.20491, 0.204976;
-0.312563, -0.312541, 0.213497, 0.213527;
-0.31721, -0.317175, 0.221547, 0.22165;
-0.320106, -0.320075, 0.229037, 0.229074;
-0.321314, -0.321254, 0.236146, 0.236069;
-0.320882, -0.320823, 0.242572, 0.242571;
-0.319456, -0.319414, 0.248484, 0.248437;
-0.317429, -0.317404, 0.253744, 0.253766;
-0.314747, -0.314732, 0.258523, 0.258582;
-0.311528, -0.311456, 0.262736, 0.262826;
-0.307632, -0.307643, 0.266379, 0.266387;
-0.3032, -0.303227, 0.26938, 0.269361;
-0.298228, -0.298258, 0.271741, 0.271732;
-0.292682, -0.292704, 0.27347, 0.273474;
-0.286602, -0.286629, 0.274593, 0.274608;
-0.279817, -0.279843, 0.282318, 0.272801;
-0.273367, -0.27363, 0.271885, 0.270944;
-0.265255, -0.266698, 0.28339, 0.267997;
-0.257191, -0.257282, 0.271273, 0.279576;
-0.248923, -0.248367, 0.267707, 0.265127;
-0.239441, -0.239286, 0.25938, 0.25933;
-0.229661, -0.229628, 0.251534, 0.251566;
-0.219697, -0.219671, 0.242311, 0.242329;
-0.209188, -0.209167, 0.231857, 0.231702;
-0.198288, -0.198299, 0.219701, 0.219748;
-0.187006, -0.187013, 0.20646, 0.206447;
-0.175239, -0.175236, 0.191991, 0.191944;
-0.163131, -0.163126, 0.176298, 0.176374;
-0.150659, -0.15064, 0.159641, 0.159655;
-0.13785, -0.13783, 0.142045, 0.142108;
-0.124728, -0.124724, 0.123615, 0.123644;
-0.111372, -0.11127, 0.102621, 0.103027;
-0.0981725, -0.0979639, 0.0919733, 0.0892205;
-0.0836695, -0.0849772, 0.070972, 0.0672526;
-0.0703495, -0.0696504, 0.0516291, 0.0444751;
-0.0559537, -0.0559471, 0.025497, 0.0234361;
-0.0413035, -0.041352, 0.00404024, -0.00231983;
-0.0268681, -0.027123, -0.0206778, -0.017499;
-0.0124523, -0.0123579, -0.0401243, -0.0400672;
0.00211334, 0.00242949, -0.0610643, -0.0612765;
0.0166659, 0.0163603, -0.0815521, -0.081829;
0.0311556, 0.0311046, -0.101905, -0.101817;
0.0455775, 0.0455379, -0.1217, -0.121607;
0.0598512, 0.059814, -0.140802, -0.139863;
0.0739384, 0.0739841, -0.158966, -0.158448;
0.0879555, 0.087955, -0.175633, -0.175823;
0.101732, 0.101794, -0.192286, -0.191292;
0.11537, 0.115245, -0.207681, -0.207733;
0.12856, 0.12853, -0.221955, -0.222086;
0.141517, 0.141501, -0.23593, -0.234613;
0.153951, 0.153949, -0.246715, -0.245738;
0.166265, 0.166297, -0.257181, -0.256955;
0.178149, 0.178151, -0.26639, -0.266374;
0.189505, 0.189604, -0.273412, -0.274105;
0.200483, 0.200607, -0.281301, -0.279104;
0.211031, 0.211052, -0.284722, -0.28427;
0.221128, 0.221145, -0.287078, -0.287798;
0.23059, 0.230638, -0.288751, -0.288318;
0.239586, 0.239557, -0.288676, -0.288661;
0.24797, 0.247926, -0.287824, -0.287642;
0.255778, 0.255729, -0.285963, -0.286016;
0.262939, 0.262908, -0.283832, -0.284043;
0.269461, 0.269545, -0.281142, -0.2812;
0.275314, 0.275407, -0.277697, -0.277859;
0.280664, 0.280643, -0.273924, -0.273945;
0.285258, 0.285263, -0.269765, -0.269636;
0.289175, 0.289174, -0.264799, -0.264841;
0.292397, 0.292399, -0.259425, -0.259365;
0.294931, 0.294943, -0.253538, -0.253522;
0.296755, 0.296779, -0.247159, -0.247155;
0.297871, 0.297878, -0.240329, -0.240329;
0.298282, 0.298316, -0.233025, -0.233036;
0.297804, 0.297817, -0.22529, -0.225291;
0.295801, 0.295841, -0.217082, -0.217119;
0.292061, 0.292059, -0.208541, -0.208519;
0.286495, 0.286522, -0.199531, -0.199615;
0.279194, 0.279212, -0.190155, -0.190126;
0.270199, 0.270169, -0.180389, -0.180359;
0.259469, 0.259469, -0.170319, -0.170262;
0.247139, 0.247161, -0.159823, -0.159841;
0.233327, 0.233293, -0.149067, -0.149064;
0.218004, 0.218013, -0.13797, -0.137971;
0.201395, 0.201378, -0.126612, -0.126591;
0.183473, 0.183469, -0.114984, -0.114977;
0.164452, 0.164455, -0.103132, -0.103122;
0.144405, 0.144405, -0.0910393, -0.0910404;
0.123479, 0.123474, -0.0787556, -0.0787611;
0.101768, 0.101766, -0.0662951, -0.0663185;
0.0794291, 0.0794411, -0.0536956, -0.0536926;
0.0565853, 0.0565915, -0.040968, -0.0409729;
0.0333805, 0.0333819, -0.0281436, -0.0281538;
0.00993776, 0.00994396, -0.0152549, -0.0152506;
-0.0135996, -0.0135911, -0.00231496, -0.00231333;
-0.0370969, -0.037098, 0.0106378, 0.0106292;
-0.06043, -0.0604382, 0.0235658, 0.023572;
-0.0834714, -0.0834683, 0.0364523, 0.0364537;
-0.10606, -0.106071, 0.0492611, 0.049273;
-0.1281, -0.128129, 0.0619826, 0.0619845;
-0.149446, -0.149488, 0.0745544, 0.0745544;
-0.170016, -0.170006, 0.0869751, 0.0869761;
-0.189521, -0.188587, 0.0990601, 0.0993118;
-0.206083, -0.20843, 0.110808, 0.111167;
-0.225638, -0.225871, 0.122612, 0.122545;
-0.241829, -0.242044, 0.134366, 0.134461;
-0.25707, -0.25716, 0.145616, 0.145532;
-0.270662, -0.270555, 0.156478, 0.156448;
-0.282795, -0.282763, 0.166843, 0.167145;
-0.293277, -0.293179, 0.177224, 0.177315;
-0.30214, -0.302083, 0.187065, 0.187056;
-0.3094, -0.309436, 0.196413, 0.196401;
-0.315052, -0.315051, 0.205329, 0.205344;
-0.319, -0.319022, 0.213776, 0.213783;
-0.321309, -0.321289, 0.221738, 0.221759;
-0.321851, -0.321786, 0.229164, 0.229244;
-0.320972, -0.320972, 0.236123, 0.236128;
-0.319329, -0.319304, 0.242506, 0.242505;
-0.31706, -0.317026, 0.24838, 0.248384;
-0.314185, -0.314157, 0.253658, 0.253655;
-0.310696, -0.31071, 0.258359, 0.258356;
-0.306658, -0.306667, 0.262467, 0.262462;
-0.302069, -0.30207, 0.265968, 0.265966;
-0.296914, -0.296914, 0.268869, 0.268875;
-0.291209, -0.29121, 0.271152, 0.271154;
-0.284987, -0.284974, 0.272823, 0.272819;
-0.278215, -0.278221, 0.273856, 0.273893;
-0.270951, -0.270952, 0.274312, 0.274301;
-0.262607, -0.266035, 0.290394, 0.284026;
-0.257695, -0.255085, 0.280056, 0.269044;
-0.246996, -0.246392, 0.277862, 0.270393;
-0.237065, -0.237256, 0.266311, 0.271704;
-0.22743, -0.227436, 0.259851, 0.258734;
-0.217261, -0.217258, 0.249758, 0.249543;
-0.206725, -0.206734, 0.240005, 0.239943;
-0.1958, -0.195855, 0.229125, 0.229175;
-0.184425, -0.184476, 0.216913, 0.21697;
-0.172715, -0.172738, 0.203444, 0.203452;
-0.160623, -0.160646, 0.188753, 0.188758;
-0.148147, -0.148155, 0.172962, 0.17303;
-0.135337, -0.135328, 0.156143, 0.156131;
-0.122255, -0.122259, 0.13841, 0.138413;
-0.108859, -0.108876, 0.119849, 0.119845;
-0.0952279, -0.0952213, 0.100596, 0.10058;
-0.0813764, -0.0813789, 0.0807209, 0.0807204;
-0.0673607, -0.0673814, 0.0604458, 0.0602331;
-0.0531686, -0.0531738, 0.0397258, 0.039722;
-0.0388542, -0.0388714, 0.0187993, 0.0188074;
-0.0245022, -0.0245229, -0.0022606, -0.00230987;
-0.010584, -0.0104286, -0.0265814, -0.0237551;
0.00458574, 0.00493574, -0.0409278, -0.0404901;
0.0188484, 0.0186806, -0.0646342, -0.0644371;
0.0330796, 0.0330415, -0.0776936, -0.0877339;
0.0475459, 0.047708, -0.104679, -0.105855;
0.0619702, 0.0620351, -0.123512, -0.125;
0.0760922, 0.0760918, -0.144191, -0.144314;
0.0900383, 0.0899205, -0.161783, -0.161544;
0.103824, 0.103846, -0.179312, -0.178721;
0.11736, 0.117339, -0.196248, -0.195194;
0.130556, 0.130603, -0.211476, -0.210293;
0.143465, 0.143575, -0.223972, -0.223565;
0.156052, 0.156094, -0.237344, -0.236648;
0.168279, 0.168376, -0.249086, -0.248759;
0.18011, 0.180184, -0.259355, -0.259739;
0.191538, 0.191487, -0.267717, -0.267358;
0.20243, 0.202509, -0.275, -0.275347;
0.212998, 0.213001, -0.280339, -0.278724;
0.222866, 0.222935, -0.285521, -0.284324;
0.232365, 0.232431, -0.287063, -0.287673;
0.241296, 0.24127, -0.288446, -0.288622;
0.249624, 0.249626, -0.288328, -0.288322;
0.257455, 0.25742, -0.2875, -0.287366;
0.264557, 0.26456, -0.285528, -0.285511;
0.271072, 0.271018, -0.283466, -0.282634;
0.276908, 0.276884, -0.280392, -0.28052;
0.282125, 0.282125, -0.276896, -0.276903;
0.286712, 0.286692, -0.273014, -0.27313;
0.29057, 0.290564, -0.268508, -0.268453;
0.293749, 0.293722, -0.263403, -0.263527;
0.296234, 0.296221, -0.258089, -0.257949;
0.298007, 0.297984, -0.251954, -0.251991;
0.299029, 0.299042, -0.245595, -0.245382;
0.299445, 0.299438, -0.23855, -0.238509;
0.298869, 0.29888, -0.231117, -0.231109;
0.296796, 0.296778, -0.22325, -0.22332;
0.292929, 0.292936, -0.21496, -0.214981;
0.287278, 0.287262, -0.20622, -0.206279;
0.279877, 0.279876, -0.1971, -0.197185;
0.270797, 0.270862, -0.187608, -0.187631;
0.260008, 0.259995, -0.177738, -0.17774;
0.247605, 0.2476, -0.167512, -0.167502;
0.233691, 0.233672, -0.156934, -0.156933;
0.218327, 0.218334, -0.146055, -0.14604;
0.201635, 0.20162, -0.134873, -0.134864;
0.183669, 0.18371, -0.123404, -0.1234;
0.164625, 0.164616, -0.11169, -0.111677;
0.144527, 0.144528, -0.0997293, -0.0997414;
0.123565, 0.123569, -0.0875663, -0.0875515;
0.101848, 0.10184, -0.0751994, -0.0752047;
0.079483, 0.0794835, -0.0626753, -0.0626661;
0.0566316, 0.0566311, -0.0500226, -0.0500126;
0.0334153, 0.0334153, -0.0372405, -0.0372349;
0.00996971, 0.00996447, -0.0243727, -0.0243677;
-0.0135737, -0.0135697, -0.0114464, -0.0114656;
-0.0370767, -0.0370751, 0.00151062, 0.00151157;
-0.0604151, -0.0604152, 0.014473, 0.0144424;
-0.0834501, -0.0834512, 0.0274048, 0.0274148;
-0.106043, -0.106063, 0.0402803, 0.0402861;
-0.128092, -0.128091, 0.0530763, 0.0530825;
-0.149444, -0.149451, 0.0657568, 0.0657625;
-0.170021, -0.170005, 0.0782886, 0.0783033;
-0.189657, -0.189673, 0.0906596, 0.0906692;
-0.207433, -0.208524, 0.102891, 0.103003;
-0.225567, -0.223995, 0.113907, 0.114447;
-0.241035, -0.241448, 0.126417, 0.126585;
-0.256888, -0.256723, 0.137826, 0.137928;
-0.270613, -0.270659, 0.148913, 0.149024;
-0.282561, -0.282632, 0.159765, 0.159506;
-0.293249, -0.293213, 0.170325, 0.170042;
-0.302212, -0.3024, 0.180251, 0.180084;
-0.309529, -0.309593, 0.189866, 0.189822;
-0.315231, -0.315238, 0.199042, 0.199043;
-0.319222, -0.319223, 0.207814, 0.207814;
-0.321521, -0.32151, 0.216105, 0.216103;
-0.322109, -0.322087, 0.223927, 0.223859;
-0.321235, -0.321215, 0.231208, 0.231156;
-0.3196, -0.319606, 0.237986, 0.23796;
-0.317387, -0.317352, 0.244138, 0.24413;
-0.314514, -0.314504, 0.249783, 0.249795;
-0.311064, -0.311083, 0.254867, 0.254872;
-0.307047, -0.307058, 0.25937, 0.259367;
-0.302486, -0.302505, 0.263251, 0.26327;
-0.297357, -0.297359, 0.266571, 0.266573;
-0.291688, -0.29171, 0.269267, 0.269263;
-0.285504, -0.28551, 0.271339, 0.271338;
-0.278797, -0.278803, 0.27281, 0.272799;
-0.271593, -0.271609, 0.273627, 0.273621;
-0.263871, -0.263875, 0.273859, 0.27384;
-0.25568, -0.255673, 0.27303, 0.273027;
-0.247018, -0.247016, 0.270733, 0.270721;
-0.237215, -0.238357, 0.295377, 0.294369;
-0.23119, -0.231388, 0.260085, 0.265048;
-0.218102, -0.220719, 0.249978, 0.262441;
-0.207653, -0.208525, 0.252588, 0.246966;
-0.196873, -0.197072, 0.236742, 0.235471;
-0.185625, -0.185673, 0.224665, 0.224405;
-0.173951, -0.173961, 0.211924, 0.211912;
-0.16191, -0.161924, 0.198009, 0.198026;
-0.14955, -0.14956, 0.183031, 0.183024;
-0.136849, -0.136886, 0.166807, 0.166765;
-0.123829, -0.123878, 0.149679, 0.149598;
-0.11051, -0.110521, 0.131613, 0.131624;
-0.0969508, -0.0969498, 0.112803, 0.112789;
-0.0831634, -0.0831518, 0.093317, 0.0933156;
-0.0691673, -0.0691569, 0.0732694, 0.0733018;
-0.055023, -0.055024, 0.0527768, 0.0527525;
-0.0407504, -0.040748, 0.0320177, 0.0320358;
-0.0263875, -0.0263675, 0.0110683, 0.0111103;
-0.0119602, -0.0119436, -0.0101306, -0.0102601;
0.00256872, 0.00250244, -0.0310422, -0.0312568;
0.0169559, 0.0169859, -0.0521073, -0.0520406;
0.0314641, 0.0314374, -0.0729714, -0.0724542;
0.0458179, 0.0458455, -0.0925335, -0.0929521;
0.0601101, 0.0600629, -0.113207, -0.112501;
0.0742207, 0.0741878, -0.13226, -0.132511;
0.0882344, 0.0882106, -0.150507, -0.151042;
0.102002, 0.101959, -0.168423, -0.168445;
0.115495, 0.115528, -0.186601, -0.184389;
0.128756, 0.128806, -0.201379, -0.201021;
0.141692, 0.141747, -0.215656, -0.217113;
0.154462, 0.15437, -0.229197, -0.229334;
0.166691, 0.166696, -0.241409, -0.241514;
0.1786, 0.178638, -0.252382, -0.253414;
0.190114, 0.19012, -0.263319, -0.262073;
0.201092, 0.201071, -0.270208, -0.270722;
0.211477, 0.211585, -0.276992, -0.274759;
0.22177, 0.221793, -0.282548, -0.281949;
0.231325, 0.231291, -0.285043, -0.286365;
0.240264, 0.24027, -0.288018, -0.289156;
0.248758, 0.248736, -0.288734, -0.28887;
0.256676, 0.256629, -0.287952, -0.28743;
0.263922, 0.263858, -0.287174, -0.286071;
0.270434, 0.270466, -0.284576, -0.284245;
0.276493, 0.276445, -0.281769, -0.281956;
0.281898, 0.281848, -0.279418, -0.278789;
0.286488, 0.286489, -0.275497, -0.275516;
0.290451, 0.290456, -0.271261, -0.271238;
0.293767, 0.293759, -0.266423, -0.266405;
0.296359, 0.296384, -0.261232, -0.261263;
0.298243, 0.298242, -0.255615, -0.255735;
0.299484, 0.29947, -0.249357, -0.249461;
0.300113, 0.300041, -0.242753, -0.242509;
0.29971, 0.299691, -0.235407, -0.235335;
0.297895, 0.297903, -0.227874, -0.227834;
0.294342, 0.294381, -0.219848, -0.219831;
0.289108, 0.289056, -0.2114, -0.211358;
0.28202, 0.282019, -0.202482, -0.202489;
0.273258, 0.27328, -0.193274, -0.193213;
0.262769, 0.262803, -0.183544, -0.183537;
0.250752, 0.250759, -0.17349, -0.173479;
0.237064, 0.237061, -0.163119, -0.163116;
0.221983, 0.221975, -0.152408, -0.152408;
0.205574, 0.205524, -0.141335, -0.141365;
0.187829, 0.187863, -0.130017, -0.130002;
0.168972, 0.168992, -0.118456, -0.118418;
0.149084, 0.149096, -0.106586, -0.106585;
0.128289, 0.128306, -0.0945309, -0.0945114;
0.106698, 0.106707, -0.0822566, -0.0822273;
0.0844607, 0.0844646, -0.0698131, -0.0697817;
0.0616965, 0.0616956, -0.0572121, -0.057201;
0.0385542, 0.0385418, -0.0444836, -0.0444818;
0.0151453, 0.0151162, -0.0316763, -0.0316516;
-0.00842095, -0.00839669, -0.018765, -0.0187538;
-0.031939, -0.0319316, -0.00581745, -0.00581384;
-0.0553153, -0.0553183, 0.0071578, 0.00715637;
-0.0791115, -0.0772552, 0.0206304, 0.019556;
-0.101289, -0.0999029, 0.0324216, 0.0316195;
-0.123579, -0.122703, 0.045908, 0.0457773;
-0.144773, -0.144901, 0.0588846, 0.0587316;
-0.165296, -0.165331, 0.0712485, 0.0713544;
-0.185548, -0.185647, 0.0839028, 0.0837235;
-0.204333, -0.204397, 0.0960355, 0.096221;
-0.222088, -0.222206, 0.107986, 0.108335;
-0.238656, -0.2386, 0.119894, 0.119949;
-0.253844, -0.253865, 0.131471, 0.131493;
-0.267731, -0.267752, 0.142776, 0.142787;
-0.280168, -0.280172, 0.153689, 0.153707;
-0.29107, -0.29107, 0.16437, 0.164381;
-0.300428, -0.300503, 0.174696, 0.174626;
-0.308139, -0.308134, 0.184461, 0.184434;
-0.314195, -0.314189, 0.193875, 0.193867;
-0.318602, -0.318578, 0.202872, 0.202894;
-0.321227, -0.321346, 0.211392, 0.211452;
-0.322234, -0.322204, 0.219482, 0.219494;
-0.321609, -0.3216, 0.227028, 0.227029;
-0.32016, -0.320169, 0.234076, 0.234076;
-0.31806, -0.318076, 0.240586, 0.240594;
-0.315368, -0.315345, 0.246548, 0.246556;
-0.312127, -0.312046, 0.251937, 0.251956;
-0.308196, -0.308186, 0.256776, 0.25676;
-0.303768, -0.303763, 0.26101, 0.261006;
-0.298797, -0.298776, 0.264652, 0.264648;
-0.293269, -0.293261, 0.267662, 0.26767;
-0.28722, -0.287201, 0.270063, 0.27007;
-0.280657, -0.280656, 0.271859, 0.271873;
-0.273561, -0.273572, 0.273025, 0.273045;
-0.265976, -0.265975, 0.273583, 0.273603;
-0.257946, -0.257919, 0.273417, 0.273425;
-0.249392, -0.249387, 0.271962, 0.271971;
-0.240485, -0.241597, 0.297862, 0.26853;
-0.232056, -0.231158, 0.297071, 0.281118;
-0.2217, -0.222811, 0.271107, 0.252434;
-0.211309, -0.210481, 0.268467, 0.244541;
-0.200375, -0.199957, 0.250357, 0.244244;
-0.188978, -0.188901, 0.231936, 0.231263;
-0.177247, -0.177205, 0.218913, 0.218752;
-0.165333, -0.165323, 0.205462, 0.20543;
-0.153094, -0.153073, 0.191014, 0.191024;
-0.140477, -0.140483, 0.175454, 0.175475;
-0.12757, -0.12756, 0.158814, 0.158829;
-0.114367, -0.114365, 0.141247, 0.141268;
-0.100867, -0.100878, 0.122838, 0.122856;
-0.0871527, -0.0871434, 0.103715, 0.103764;
-0.0732277, -0.0732222, 0.0839581, 0.0839696;
-0.0591092, -0.0591679, 0.0636582, 0.0636806;
-0.0449096, -0.0449997, 0.0430708, 0.0431852;
-0.0305858, -0.0305232, 0.0227008, 0.0222383;
-0.0161776, -0.0162942, 0.00459051, 0.00329733;
-0.00243678, -0.00296645, -0.0229915, -0.0220898;
0.0132689, 0.0138187, -0.0414085, -0.0413761;
0.0272908, 0.0273991, -0.0616482, -0.0619146;
0.041646, 0.0416646, -0.0821819, -0.0824397;
0.0559564, 0.0559168, -0.102133, -0.102259;
0.0700908, 0.070118, -0.122278, -0.121837;
0.0840888, 0.0840578, -0.140974, -0.140766;
0.0979276, 0.0978856, -0.159162, -0.159126;
0.111549, 0.111569, -0.176079, -0.176032;
0.124933, 0.124975, -0.192505, -0.193264;
0.137992, 0.138112, -0.208369, -0.208659;
0.150738, 0.150737, -0.221656, -0.222261;
0.16324, 0.163146, -0.234554, -0.235775;
0.1751, 0.17515, -0.246829, -0.247431;
0.186766, 0.186717, -0.258094, -0.256715;
0.197887, 0.197904, -0.266242, -0.266323;
0.208639, 0.208626, -0.273502, -0.274368;
0.218927, 0.218879, -0.280551, -0.279287;
0.22838, 0.228515, -0.284654, -0.283715;
0.237759, 0.237834, -0.287684, -0.287338;
0.246294, 0.246438, -0.288824, -0.288452;
0.25445, 0.254458, -0.288287, -0.288576;
0.261814, 0.261865, -0.287123, -0.287294;
0.268716, 0.268714, -0.285634, -0.285853;
0.274905, 0.274925, -0.283916, -0.282494;
0.280481, 0.280429, -0.280753, -0.280396;
0.285356, 0.285322, -0.277003, -0.277418;
0.289514, 0.289605, -0.273372, -0.27327;
0.293034, 0.293126, -0.268836, -0.2689;
0.295889, 0.295924, -0.264032, -0.264053;
0.298038, 0.298051, -0.258665, -0.258577;
0.299459, 0.299457, -0.252663, -0.252551;
0.300171, 0.300201, -0.246204, -0.246244;
0.300246, 0.300243, -0.239303, -0.239127;
0.298943, 0.298924, -0.231962, -0.231857;
0.295974, 0.295961, -0.224156, -0.22408;
0.291287, 0.291323, -0.21588, -0.215907;
0.284748, 0.284758, -0.207215, -0.2072;
0.276519, 0.276549, -0.198091, -0.198073;
0.266688, 0.266603, -0.188614, -0.188654;
0.255068, 0.255039, -0.178736, -0.178781;
0.241898, 0.241965, -0.168546, -0.168561;
0.227292, 0.22732, -0.157999, -0.158016;
0.211293, 0.211309, -0.147092, -0.147137;
0.193987, 0.194003, -0.135939, -0.135945;
0.175482, 0.175528, -0.124447, -0.124467;
0.155921, 0.155936, -0.112754, -0.112736;
0.135406, 0.135417, -0.100807, -0.100802;
0.114072, 0.114077, -0.0886439, -0.0886205;
0.0920305, 0.0920434, -0.0762923, -0.0762624;
0.0694332, 0.0694332, -0.0637727, -0.063736;
0.046411, 0.0464039, -0.0511113, -0.0510656;
0.0233154, 0.0250068, -0.0383229, -0.0393759;
-0.00783277, -0.0189059, -0.0258117, -0.0257597;
-0.0218423, -0.0219939, -0.0122725, -0.0126737;
-0.045047, -0.0351845, 0.00773573, 0.00768995;
-0.0695609, -0.0654472, 0.00960159, 0.00748348;
-0.0933978, -0.0930913, 0.0237556, 0.0253453;
-0.116007, -0.11508, 0.0385704, 0.0389972;
-0.13809, -0.136296, 0.0518031, 0.0519571;
-0.158801, -0.15869, 0.0647311, 0.0646219;
-0.178935, -0.178516, 0.0773015, 0.0773253;
-0.197723, -0.198009, 0.0896802, 0.0896635;
-0.216026, -0.216173, 0.101895, 0.101865;
-0.233086, -0.233182, 0.113854, 0.113856;
-0.248804, -0.248949, 0.125579, 0.125635;
-0.263254, -0.263276, 0.136999, 0.13698;
-0.276106, -0.276168, 0.148123, 0.147901;
-0.287701, -0.287553, 0.158908, 0.158994;
-0.297456, -0.29744, 0.169358, 0.169325;
-0.305731, -0.305708, 0.1795, 0.179363;
-0.312323, -0.312332, 0.189043, 0.18905;
-0.31731, -0.317368, 0.198251, 0.198287;
-0.32057, -0.320565, 0.207036, 0.207073;
-0.322163, -0.322108, 0.215339, 0.215365;
-0.32202, -0.322009, 0.223115, 0.223139;
-0.320822, -0.320768, 0.230464, 0.230507;
-0.318898, -0.318891, 0.237227, 0.237287;
-0.316366, -0.316313, 0.243499, 0.243496;
-0.313387, -0.3133, 0.24919, 0.24909;
-0.309585, -0.309595, 0.254292, 0.254311;
-0.305351, -0.305347, 0.258845, 0.258848;
-0.300563, -0.300547, 0.26276, 0.262773;
-0.29524, -0.295231, 0.266103, 0.266101;
-0.289343, -0.28931, 0.268801, 0.268838;
-0.282957, -0.28295, 0.270869, 0.270969;
-0.276015, -0.276032, 0.272383, 0.27241;
-0.268632, -0.268649, 0.273292, 0.273282;
-0.260738, -0.260747, 0.273499, 0.273519;
-0.252381, -0.252375, 0.272752, 0.272759;
-0.243576, -0.243503, 0.270518, 0.276078;
-0.234719, -0.234202, 0.282018, 0.26693;
-0.223752, -0.224834, 0.262763, 0.278189;
-0.214382, -0.214334, 0.257374, 0.263432;
-0.204118, -0.204165, 0.248066, 0.245856;
-0.192819, -0.192825, 0.235558, 0.235779;
-0.181307, -0.181221, 0.22465, 0.224679;
-0.169565, -0.169518, 0.212152, 0.212237;
-0.157463, -0.157432, 0.198339, 0.198431;
-0.144988, -0.144936, 0.183309, 0.183258;
-0.132194, -0.132149, 0.167227, 0.167159;
-0.119052, -0.119044, 0.150071, 0.150038;
-0.105665, -0.105653, 0.132113, 0.132114;
-0.0920499, -0.0921247, 0.113372, 0.113263;
-0.0781959, -0.0782479, 0.0939841, 0.0940127;
-0.0641658, -0.0642523, 0.0737844, 0.073812;
-0.0500266, -0.0500101, 0.0535431, 0.0534945;
-0.0357201, -0.0357791, 0.0328126, 0.0327888;
-0.0213017, -0.0214787, 0.0115671, 0.0118508;
-0.00687136, -0.00675895, -0.00977222, -0.0100165;
0.00761843, 0.0076437, -0.0305992, -0.0303037;
0.0220418, 0.0219669, -0.0512591, -0.0508522;
0.0363493, 0.0362806, -0.0724075, -0.0719436;
0.0506687, 0.0508037, -0.0923951, -0.0905661;
0.0649557, 0.065001, -0.11238, -0.112172;
0.0790734, 0.0790358, -0.132067, -0.131527;
0.0930157, 0.0930123, -0.151032, -0.150097;
0.106757, 0.106595, -0.168566, -0.16887;
0.120089, 0.120078, -0.18346, -0.18441;
0.133379, 0.133018, -0.200627, -0.199661;
0.146262, 0.146001, -0.216824, -0.216362;
0.158961, 0.158713, -0.228959, -0.229017;
0.171063, 0.170949, -0.24118, -0.241785;
0.182622, 0.182647, -0.251964, -0.25288;
0.19394, 0.193947, -0.262524, -0.262069;
0.204861, 0.204543, -0.270216, -0.269665;
0.215208, 0.215226, -0.278047, -0.276672;
0.225293, 0.225062, -0.282084, -0.282082;
0.234585, 0.23466, -0.286377, -0.286151;
0.243407, 0.243513, -0.288161, -0.287849;
0.251702, 0.25169, -0.288308, -0.288358;
0.259418, 0.259293, -0.287368, -0.287881;
0.26653, 0.266386, -0.285833, -0.286322;
0.272938, 0.272825, -0.284578, -0.283923;
0.278699, 0.278666, -0.281832, -0.28185;
0.284002, 0.283713, -0.278973, -0.278287;
0.288285, 0.28826, -0.275284, -0.275311;
0.292036, 0.292027, -0.270953, -0.275504;
0.295127, 0.295082, -0.266457, -0.267041;
0.297538, 0.297503, -0.261258, -0.261426;
0.299186, 0.299205, -0.255645, -0.255677;
0.300165, 0.300162, -0.249264, -0.249412;
0.300456, 0.300457, -0.242669, -0.242737;
0.299725, 0.299766, -0.235539, -0.23559;
0.297451, 0.297433, -0.227927, -0.227949;
0.293378, 0.293397, -0.219833, -0.21989;
0.28759, 0.287561, -0.211401, -0.211337;
0.279973, 0.279987, -0.202507, -0.202503;
0.270617, 0.270663, -0.19318, -0.193137;
0.259723, 0.259719, -0.183538, -0.183486;
0.247137, 0.247195, -0.173456, -0.17343;
0.233074, 0.233069, -0.163065, -0.163054;
0.218872, 0.217503, -0.152389, -0.152381;
0.201128, 0.200656, -0.141415, -0.141468;
0.182847, 0.180703, -0.129822, -0.130076;
0.164328, 0.163206, -0.118165, -0.118179;
0.143742, 0.142587, -0.106736, -0.106163;
0.122087, 0.121921, -0.094302, -0.09441;
0.100628, 0.100465, -0.0822458, -0.0824251;
0.0777221, 0.0786953, -0.0698034, -0.0698412;
0.0557914, 0.0550113, -0.0571473, -0.0570731;
0.0328016, 0.0322142, -0.0444344, -0.0442543;
0.0114508, 0.0100408, -0.0315898, -0.0315387;
-0.0221007, -0.0185377, -0.0186231, -0.018627;
-0.0370089, -0.0381168, -0.00571525, -0.00559668;
-0.0615712, -0.0617271, 0.00727415, 0.00738335;
-0.08453, -0.0848555, 0.0202994, 0.0202966;
-0.107404, -0.107608, 0.0332198, 0.0331879;
-0.129474, -0.129474, 0.0460982, 0.0461779;
-0.150836, -0.150802, 0.0587764, 0.0588474;
-0.171239, -0.171447, 0.0713959, 0.0715251;
-0.190894, -0.190818, 0.0839019, 0.0838857;
-0.209332, -0.209482, 0.0960989, 0.0961785;
-0.226888, -0.226917, 0.108241, 0.108233;
-0.243076, -0.243091, 0.120082, 0.120096;
-0.257778, -0.257954, 0.131553, 0.131662;
-0.27126, -0.271439, 0.14291, 0.142891;
-0.283395, -0.283467, 0.153807, 0.153824;
-0.293975, -0.293963, 0.164422, 0.16443;
-0.302831, -0.302827, 0.174553, 0.174708;
-0.310076, -0.310069, 0.184499, 0.184547;
-0.315687, -0.315696, 0.193967, 0.193957;
-0.319602, -0.319647, 0.202948, 0.202939;
-0.321791, -0.321792, 0.211512, 0.211487;
-0.322321, -0.322263, 0.219551, 0.219549;
-0.32136, -0.321363, 0.227057, 0.227113;
