-0.0190538, -0.0190538, 0.0190538, 0.0190538;
-0.0183178, -0.0183178, 0.0182474, 0.0182474;
-0.0168308, -0.0168308, 0.0164141, 0.0164141;
-0.0146579, -0.0146579, 0.0134501, 0.0134501;
-0.0118622, -0.0118622, 0.00934079, 0.00934079;
-0.00850419, -0.00850419, 0.00418062, 0.00418062;
-0.00464717, -0.00464717, -0.00182878, -0.00182878;
-0.000363024, -0.000363024, -0.0083928, -0.0083928;
0.00426336, 0.00426336, -0.0151422, -0.0151422;
0.00913198, 0.00913198, -0.0216542, -0.0216542;
0.0141274, 0.0141274, -0.0274781, -0.0274781;
0.01912, 0.01912, -0.032171, -0.032171;
0.0239681, 0.0239681, -0.035358, -0.035358;
0.0285207, 0.0285207, -0.0368335, -0.0368335;
0.0326197, 0.0326197, -0.0366515, -0.0366515;
0.0360994, 0.0360994, -0.0350461, -0.0350461;
0.0387736, 0.0387736, -0.0322306, -0.0322306;
0.0403963, 0.0403963, -0.0283269, -0.0283269;
0.0405846, 0.0405846, -0.0234073, -0.0234073;
0.0387763, 0.0387763, -0.0175404, -0.0175404;
0.0344156, 0.0344156, -0.0108131, -0.0108131;
0.0272518, 0.0272518, -0.00333952, -0.00333952;
0.0173818, 0.0173818, 0.00473755, 0.00473755;
0.00515264, 0.00515264, 0.0132474, 0.0132474;
-0.00888984, -0.00888984, 0.0219939, 0.0219939;
-0.0240227, -0.0240227, 0.030759, 0.030759;
-0.0393717, -0.0393717, 0.0393076, 0.0393076;
-0.0539496, -0.0539496, 0.0473927, 0.0473927;
-0.0667039, -0.0667039, 0.0547628, 0.0547628;
-0.0765694, -0.0765694, 0.0611699, 0.0611699;
-0.0825286, -0.0825286, 0.0663769, 0.0663769;
-0.0840024, -0.0840024, 0.0701477, 0.0701477;
-0.0819631, -0.0819631, 0.0721368, 0.0721368;
-0.0773804, -0.0773804, 0.0715037, 0.0715037;
-0.0703662, -0.0703662, 0.0668308, 0.0668308;
-0.0609094, -0.0609094, 0.0573087, 0.0573087;
-0.0490569, -0.0490569, 0.0429691, 0.0429691;
-0.0349336, -0.0349336, 0.02425, 0.02425;
-0.0187439, -0.0187439, 0.00191359, 0.00191359;
-0.000771766, -0.000771766, -0.0229636, -0.0229636;
0.0186203, 0.0186203, -0.0490249, -0.0490249;
0.0389941, 0.0389941, -0.0746927, -0.0746927;
0.0598425, 0.0598425, -0.09825, -0.09825;
0.0805981, 0.0805981, -0.117939, -0.117939;
0.100647, 0.100647, -0.132062, -0.132062;
0.119342, 0.119342, -0.139021, -0.139021;
0.136026, 0.136026, -0.138417, -0.138417;
0.150048, 0.150048, -0.133349, -0.133349;
0.160805, 0.160805, -0.124383, -0.124383;
0.167791, 0.167791, -0.111502, -0.111502;
0.170605, 0.170605, -0.0947967, -0.0947967;
0.166427, 0.166427, -0.0744743, -0.0744743;
0.150941, 0.150941, -0.050856, -0.050856;
0.123676, 0.123676, -0.0243688, -0.0243688;
0.0852005, 0.0852005, 0.00445137, 0.00445137;
0.036904, 0.036904, 0.0349641, 0.0349641;
-0.018995, -0.018995, 0.0664341, 0.0664341;
-0.0795107, -0.0795107, 0.0980456, 0.0980456;
-0.141019, -0.141019, 0.128921, 0.128921;
-0.199457, -0.199457, 0.158142, 0.158142;
-0.250579, -0.250579, 0.184778, 0.184778;
-0.290247, -0.290247, 0.20791, 0.20791;
-0.314738, -0.314738, 0.226661, 0.226661;
-0.32086, -0.32086, 0.240227, 0.240227;
-0.312325, -0.312325, 0.247944, 0.247944;
-0.294902, -0.294902, 0.249229, 0.249229;
-0.268636, -0.268636, 0.237861, 0.237861;
-0.233816, -0.233816, 0.209804, 0.209804;
-0.190976, -0.190976, 0.165389, 0.165389;
-0.140929, -0.140929, 0.106117, 0.106117;
-0.0847623, -0.0847623, 0.0346593, 0.0346593;
-0.0238285, -0.0238285, -0.0452056, -0.0452056;
0.0402837, 0.0402837, -0.128767, -0.128767;
0.105794, 0.105794, -0.210651, -0.210651;
0.170786, 0.170786, -0.285167, -0.285167;
0.233276, 0.233276, -0.346712, -0.346712;
0.29128, 0.29128, -0.390186, -0.390186;
0.342885, 0.342885, -0.411399, -0.411399;
0.386308, 0.386308, -0.408493, -0.408493;
0.419963, 0.419963, -0.393577, -0.393577;
0.442562, 0.442562, -0.367715, -0.367715;
0.453134, 0.453134, -0.331385, -0.331385;
0.450488, 0.450488, -0.285378, -0.285378;
0.42043, 0.42043, -0.23078, -0.23078;
0.360522, 0.360522, -0.168915, -0.168915;
0.273296, 0.273296, -0.101323, -0.101323;
0.163449, 0.163449, -0.0297399, -0.0297399;
0.0375408, 0.0375408, 0.0439501, 0.0439501;
-0.0964782, -0.0964782, 0.117756, 0.117756;
-0.229836, -0.229836, 0.189631, 0.189631;
-0.353512, -0.353512, 0.257532, 0.257532;
-0.458803, -0.458803, 0.319471, 0.319471;
-0.537901, -0.537901, 0.373576, 0.373576;
-0.584488, -0.584488, 0.418153, 0.418153;
-0.594297, -0.594297, 0.451737, 0.451737;
-0.574678, -0.574678, 0.473154, 0.473154;
-0.539853, -0.539853, 0.481586, 0.481586;
-0.49115, -0.49115, 0.474611, 0.474611;
-0.430234, -0.430234, 0.436697, 0.436697;
-0.358933, -0.358933, 0.368344, 0.368344;
-0.279217, -0.279217, 0.273088, 0.273088;
-0.193147, -0.193147, 0.156523, 0.156523;
-0.10286, -0.10286, 0.0258538, 0.0258538;
-0.0105535, -0.0105535, -0.11065, -0.11065;
0.0815145, 0.0815145, -0.24419, -0.24419;
0.171047, 0.171047, -0.365927, -0.365927;
0.255741, 0.255741, -0.467475, -0.467475;
0.333335, 0.333335, -0.541446, -0.541446;
0.401674, 0.401674, -0.58203, -0.58203;
0.458777, 0.458777, -0.585421, -0.585421;
0.502911, 0.502911, -0.562623, -0.562623;
0.532677, 0.532677, -0.525128, -0.525128;
0.547156, 0.547156, -0.474432, -0.474432;
0.546057, 0.546057, -0.412322, -0.412322;
0.516369, 0.516369, -0.340762, -0.340762;
0.450986, 0.450986, -0.261774, -0.261774;
0.353534, 0.353534, -0.17738, -0.17738;
0.230119, 0.230119, -0.0896166, -0.0896166;
0.088712, 0.088712, -0.000541014, -0.000541014;
-0.0615848, -0.0615848, 0.0877597, 0.0877597;
-0.211157, -0.211157, 0.173177, 0.173177;
-0.350355, -0.350355, 0.253607, 0.253607;
-0.469927, -0.469927, 0.32699, 0.32699;
-0.561535, -0.561535, 0.391374, 0.391374;
-0.61837, -0.61837, 0.444972, 0.444972;
-0.635817, -0.635817, 0.486237, 0.486237;
-0.618915, -0.618915, 0.513928, 0.513928;
-0.585706, -0.585706, 0.527178, 0.527178;
-0.537711, -0.537711, 0.525642, 0.525642;
-0.476794, -0.476794, 0.49573, 0.49573;
-0.404978, -0.404978, 0.432112, 0.432112;
-0.324329, -0.324329, 0.338306, 0.338306;
-0.236944, -0.236944, 0.220105, 0.220105;
-0.144945, -0.144945, 0.0850052, 0.0850052;
-0.0504816, -0.0504816, -0.0584306, -0.0584306;
0.0442448, 0.0442448, -0.20113, -0.20113;
0.136985, 0.136985, -0.333952, -0.333952;
0.225462, 0.225462, -0.448109, -0.448109;
0.307411, 0.307411, -0.535664, -0.535664;
0.380639, 0.380639, -0.590117, -0.590117;
0.443097, 0.443097, -0.607033, -0.607033;
0.492953, 0.492953, -0.59126, -0.59126;
0.528674, 0.528674, -0.559835, -0.559835;
0.549193, 0.549193, -0.514194, -0.514194;
0.553945, 0.553945, -0.456117, -0.456117;
0.537663, 0.537663, -0.387587, -0.387587;
0.4847, 0.4847, -0.31068, -0.31068;
0.397728, 0.397728, -0.227438, -0.227438;
0.282115, 0.282115, -0.139901, -0.139901;
0.145333, 0.145333, -0.0501107, -0.0501107;
-0.00377504, -0.00377504, 0.0398719, 0.0398719;
-0.155677, -0.155677, 0.127958, 0.127958;
-0.300664, -0.300664, 0.212043, 0.212043;
-0.429269, -0.429269, 0.290044, 0.290044;
-0.532733, -0.532733, 0.359947, 0.359947;
-0.603593, -0.603593, 0.419867, 0.419867;
-0.636335, -0.636335, 0.468125, 0.468125;
-0.629264, -0.629264, 0.503308, 0.503308;
-0.603888, -0.603888, 0.524349, 0.524349;
-0.562937, -0.562937, 0.530658, 0.530658;
-0.508123, -0.508123, 0.518291, 0.518291;
-0.441425, -0.441425, 0.471347, 0.471347;
-0.364874, -0.364874, 0.391964, 0.391964;
-0.280554, -0.280554, 0.284886, 0.284886;
-0.190571, -0.190571, 0.156876, 0.156876;
-0.0970585, -0.0970585, 0.0160729, 0.0160729;
-0.00219069, -0.00219069, -0.128622, -0.128622;
0.0918063, 0.0918063, -0.268037, -0.268037;
0.182665, 0.182665, -0.393135, -0.393135;
0.268107, 0.268107, -0.495469, -0.495469;
0.345896, 0.345896, -0.56772, -0.56772;
0.413903, 0.413903, -0.604317, -0.604317;
0.470179, 0.470179, -0.601909, -0.601909;
0.513033, 0.513033, -0.577357, -0.577357;
0.541149, 0.541149, -0.537865, -0.537865;
0.553678, 0.553678, -0.485084, -0.485084;
0.549809, 0.549809, -0.42093, -0.42093;
0.5128, 0.5128, -0.347457, -0.347457;
0.440224, 0.440224, -0.266726, -0.266726;
0.336332, 0.336332, -0.18078, -0.18078;
0.207766, 0.207766, -0.0916582, -0.0916582;
0.0628629, 0.0628629, -0.00140948, -0.00140948;
-0.0890711, -0.0890711, 0.08789, 0.08789;
-0.23835, -0.23835, 0.174141, 0.174141;
-0.375345, -0.375345, 0.255247, 0.255247;
-0.490923, -0.490923, 0.329154, 0.329154;
-0.576971, -0.576971, 0.39391, 0.39391;
-0.627033, -0.627033, 0.447733, 0.447733;
-0.636962, -0.636962, 0.48908, 0.48908;
-0.615109, -0.615109, 0.516717, 0.516717;
-0.577298, -0.577298, 0.52979, 0.52979;
-0.525196, -0.525196, 0.527908, 0.527908;
-0.460762, -0.460762, 0.496986, 0.496986;
-0.386061, -0.386061, 0.432244, 0.432244;
-0.303167, -0.303167, 0.337317, 0.337317;
-0.214168, -0.214168, 0.218104, 0.218104;
-0.121167, -0.121167, 0.0821882, 0.0821882;
-0.0263045, -0.0263045, -0.0618087, -0.0618087;
0.0682266, 0.0682266, -0.204783, -0.204783;
0.160184, 0.160184, -0.337579, -0.337579;
0.247301, 0.247301, -0.451415, -0.451415;
0.327334, 0.327334, -0.538372, -0.538372;
0.398125, 0.398125, -0.59199, -0.59199;
0.457675, 0.457675, -0.607892, -0.607892;
0.504222, 0.504222, -0.591391, -0.591391;
0.536317, 0.536317, -0.55925, -0.55925;
0.553, 0.553, -0.512932, -0.512932;
0.553992, 0.553992, -0.454237, -0.454237;
0.530124, 0.530124, -0.385165, -0.385165;
0.469866, 0.469866, -0.307792, -0.307792;
0.376496, 0.376496, -0.224171, -0.224171;
0.255866, 0.255866, -0.136346, -0.136346;
0.115786, 0.115786, -0.0463632, -0.0463632;
-0.0347122, -0.0347122, 0.0437081, 0.0437081;
-0.186031, -0.186031, 0.131774, 0.131774;
-0.328478, -0.328478, 0.215727, 0.215727;
-0.452691, -0.452691, 0.293483, 0.293483;
-0.550128, -0.550128, 0.363028, 0.363028;
-0.613666, -0.613666, 0.422486, 0.422486;
-0.638275, -0.638275, 0.470184, 0.470184;
-0.625961, -0.625961, 0.504725, 0.504725;
-0.596973, -0.596973, 0.525059, 0.525059;
-0.55277, -0.55277, 0.53064, 0.53064;
-0.49514, -0.49514, 0.517047, 0.517047;
-0.426104, -0.426104, 0.468852, 0.468852;
-0.347703, -0.347703, 0.38834, 0.38834;
-0.262017, -0.262017, 0.280344, 0.280344;
-0.171143, -0.171143, 0.151695, 0.151695;
-0.0772047, -0.0772047, 0.0105736, 0.0105736;
0.0176251, 0.0176251, -0.134095, -0.134095;
0.111122, 0.111122, -0.273133, -0.273133;
0.201021, 0.201021, -0.397514, -0.397514;
0.285055, 0.285055, -0.498821, -0.498821;
0.361008, 0.361008, -0.569788, -0.569788;
0.426784, 0.426784, -0.604922, -0.604922;
0.480482, 0.480482, -0.601207, -0.601207;
0.520473, 0.520473, -0.577035, -0.577035;
0.545531, 0.545531, -0.537896, -0.537896;
0.554903, 0.554903, -0.485424, -0.485424;
0.546107, 0.546107, -0.421526, -0.421526;
0.50102, 0.50102, -0.348252, -0.348252;
0.421036, 0.421036, -0.267655, -0.267655;
0.310988, 0.310988, -0.181783, -0.181783;
0.177961, 0.177961, -0.0926843, -0.0926843;
0.0305674, 0.0305674, -0.00242016, -0.00242016;
-0.121765, -0.121765, 0.0869242, 0.0869242;
-0.26933, -0.26933, 0.173242, 0.173242;
-0.402572, -0.402572, 0.254427, 0.254427;
-0.512529, -0.512529, 0.328421, 0.328421;
-0.591394, -0.591394, 0.393266, 0.393266;
-0.633159, -0.633159, 0.447175, 0.447175;
-0.634077, -0.634077, 0.4886, 0.4886;
-0.607654, -0.607654, 0.516303, 0.516303;
-0.565708, -0.565708, 0.529434, 0.529434;
-0.51001, -0.51001, 0.527613, 0.527613;
-0.442575, -0.442575, 0.496827, 0.496827;
-0.365488, -0.365488, 0.432209, 0.432209;
-0.280813, -0.280813, 0.337383, 0.337383;
-0.190622, -0.190622, 0.218244, 0.218244;
-0.0970015, -0.0970015, 0.0823781, 0.0823781;
-0.0020832, -0.0020832, -0.0615926, -0.0615926;
0.091945, 0.091945, -0.204559, -0.204559;
0.182846, 0.182846, -0.337362, -0.337362;
0.268364, 0.268364, -0.451214, -0.451214;
0.346279, 0.346279, -0.538192, -0.538192;
0.41447, 0.41447, -0.591831, -0.591831;
0.470995, 0.470995, -0.607749, -0.607749;
0.51416, 0.51416, -0.591251, -0.591251;
0.542609, 0.542609, -0.559099, -0.559099;
0.555484, 0.555484, -0.512756, -0.512756;
0.552127, 0.552127, -0.454021, -0.454021;
0.516317, 0.516317, -0.384895, -0.384895;
0.444817, 0.444817, -0.30744, -0.30744;
0.341796, 0.341796, -0.223715, -0.223715;
0.213825, 0.213825, -0.135778, -0.135778;
0.0691934, 0.0691934, -0.0456892, -0.0456892;
-0.0828272, -0.0828272, 0.0444703, 0.0444703;
-0.232567, -0.232567, 0.132595, 0.132595;
-0.370397, -0.370397, 0.216569, 0.216569;
-0.48716, -0.48716, 0.2943, 0.2943;
-0.574695, -0.574695, 0.36377, 0.36377;
-0.626474, -0.626474, 0.423101, 0.423101;
-0.638259, -0.638259, 0.470619, 0.470619;
-0.617585, -0.617585, 0.504931, 0.504931;
-0.5809, -0.5809, 0.524993, 0.524993;
-0.529846, -0.529846, 0.530276, 0.530276;
-0.466359, -0.466359, 0.516143, 0.516143;
-0.392531, -0.392531, 0.467388, 0.467388;
-0.310414, -0.310414, 0.386359, 0.386359;
-0.222064, -0.222064, 0.277935, 0.277935;
-0.129552, -0.129552, 0.148981, 0.148981;
-0.0349831, -0.0349831, 0.00771066, 0.00771066;
0.0594833, 0.0594833, -0.136935, -0.136935;
0.15163, 0.15163, -0.275766, -0.275766;
0.239206, 0.239206, -0.399759, -0.399759;
0.319976, 0.319976, -0.500507, -0.500507;
0.391779, 0.391779, -0.570769, -0.570769;
0.452602, 0.452602, -0.605089, -0.605089;
0.500655, 0.500655, -0.600705, -0.600705;
0.534453, 0.534453, -0.576722, -0.576722;
0.552951, 0.552951, -0.537737, -0.537737;
0.555715, 0.555715, -0.485376, -0.485376;
0.535877, 0.535877, -0.421544, -0.421544;
0.479454, 0.479454, -0.348291, -0.348291;
0.389418, 0.389418, -0.267671, -0.267671;
0.271363, 0.271363, -0.181747, -0.181747;
0.132915, 0.132915, -0.0925786, -0.0925786;
-0.0170041, -0.0170041, -0.00224076, -0.00224076;
-0.168845, -0.168845, 0.0871689, 0.0871689;
-0.312916, -0.312916, 0.173533, 0.173533;
-0.439801, -0.439801, 0.254738, 0.254738;
-0.540841, -0.540841, 0.328719, 0.328719;
-0.608722, -0.608722, 0.393514, 0.393514;
-0.638144, -0.638144, 0.447333, 0.447333;
-0.628951, -0.628951, 0.488628, 0.488628;
-0.602614, -0.602614, 0.516166, 0.516166;
-0.560854, -0.560854, 0.529138, 0.529138;
-0.505403, -0.505403, 0.527125, 0.527125;
-0.438245, -0.438245, 0.495852, 0.495852;
-0.36144, -0.36144, 0.4308, 0.4308;
-0.277043, -0.277043, 0.335624, 0.335624;
-0.187121, -0.187121, 0.216242, 0.216242;
-0.0937689, -0.0937689, 0.080253, 0.080253;
0.000875247, 0.000875247, -0.0637138, -0.0637138;
0.0946149, 0.0946149, -0.206548, -0.206548;
0.185206, 0.185206, -0.339096, -0.339096;
0.270388, 0.270388, -0.452579, -0.452579;
0.347941, 0.347941, -0.539093, -0.539093;
0.415746, 0.415746, -0.592198, -0.592198;
0.471862, 0.471862, -0.607546, -0.607546;
0.514606, 0.514606, -0.590683, -0.590683;
0.542626, 0.542626, -0.558195, -0.558195;
0.555078, 0.555078, -0.511553, -0.511553;
0.551133, 0.551133, -0.452561, -0.452561;
0.513995, 0.513995, -0.383226, -0.383226;
0.441292, 0.441292, -0.305605, -0.305605;
0.337283, 0.337283, -0.22176, -0.22176;
0.208607, 0.208607, -0.133749, -0.133749;
0.0635949, 0.0635949, -0.0436324, -0.0436324;
-0.0884604, -0.0884604, 0.046507, 0.046507;
-0.237886, -0.237886, 0.134563, 0.134563;
-0.375063, -0.375063, 0.218419, 0.218419;
-0.490862, -0.490862, 0.295984, 0.295984;
-0.577172, -0.577172, 0.365243, 0.365243;
-0.627535, -0.627535, 0.42432, 0.42432;
-0.637805, -0.637805, 0.471548, 0.471548;
-0.61618, -0.61618, 0.50554, 0.50554;
-0.578625, -0.578625, 0.525262, 0.525262;
-0.526805, -0.526805, 0.530204, 0.530204;
-0.462671, -0.462671, 0.515488, 0.515488;
-0.38832, -0.38832, 0.466158, 0.466158;
-0.305802, -0.305802, 0.384621, 0.384621;
-0.217172, -0.217172, 0.275792, 0.275792;
-0.1245, -0.1245, 0.146567, 0.146567;
-0.0298871, -0.0298871, 0.00517388, 0.00517388;
0.0645038, 0.0645038, -0.139436, -0.139436;
0.156456, 0.156456, -0.278074, -0.278074;
0.243721, 0.243721, -0.401721, -0.401721;
0.324067, 0.324067, -0.501986, -0.501986;
0.395339, 0.395339, -0.571653, -0.571653;
0.455534, 0.455534, -0.605304, -0.605304;
0.502879, 0.502879, -0.600417, -0.600417;
0.535906, 0.535906, -0.576556, -0.576556;
0.553596, 0.553596, -0.537686, -0.537686;
0.555583, 0.555583, -0.485429, -0.485429;
0.534136, 0.534136, -0.421685, -0.421685;
0.476182, 0.476182, -0.348501, -0.348501;
0.384816, 0.384816, -0.267933, -0.267933;
0.265728, 0.265728, -0.182043, -0.182043;
0.126614, 0.126614, -0.0928958, -0.0928958;
-0.0235693, -0.0235693, -0.00256632, -0.00256632;
-0.17526, -0.17526, 0.0868451, 0.0868451;
-0.318771, -0.318771, 0.173219, 0.173219;
-0.444711, -0.444711, 0.254441, 0.254441;
-0.544466, -0.544466, 0.328444, 0.328444;
-0.610794, -0.610794, 0.393266, 0.393266;
-0.638499, -0.638499, 0.447115, 0.447115;
-0.628209, -0.628209, 0.488442, 0.488442;
-0.601033, -0.601033, 0.516011, 0.516011;
-0.558519, -0.558519, 0.529017, 0.529017;
-0.502416, -0.502416, 0.527045, 0.527045;
-0.434719, -0.434719, 0.495879, 0.495879;
-0.35749, -0.35749, 0.430929, 0.430929;
-0.272781, -0.272781, 0.335841, 0.335841;
-0.182657, -0.182657, 0.216529, 0.216529;
-0.0892107, -0.0892107, 0.0805858, 0.0805858;
0.00542232, 0.00542232, -0.0633592, -0.0633592;
0.0990461, 0.0990461, -0.206197, -0.206197;
0.189417, 0.189417, -0.338771, -0.338771;
0.27428, 0.27428, -0.452303, -0.452303;
0.351416, 0.351416, -0.538884, -0.538884;
0.418717, 0.418717, -0.59207, -0.59207;
0.474251, 0.474251, -0.607506, -0.607506;
0.516349, 0.516349, -0.5907, -0.5907;
0.543679, 0.543679, -0.558263, -0.558263;
0.555414, 0.555414, -0.511664, -0.511664;
0.550398, 0.550398, -0.452705, -0.452705;
0.51107, 0.51107, -0.383394, -0.383394;
0.43634, 0.43634, -0.305784, -0.305784;
0.330628, 0.330628, -0.22194, -0.22194;
0.200696, 0.200696, -0.13392, -0.13392;
0.0549553, 0.0549553, -0.0437899, -0.0437899;
-0.0972659, -0.0972659, 0.0463668, 0.0463668;
-0.246287, -0.246287, 0.134441, 0.134441;
-0.382506, -0.382506, 0.218316, 0.218316;
-0.496838, -0.496838, 0.295897, 0.295897;
-0.581249, -0.581249, 0.365169, 0.365169;
-0.629401, -0.629401, 0.424254, 0.424254;
-0.637281, -0.637281, 0.471486, 0.471486;
-0.614182, -0.614182, 0.505478, 0.505478;
-0.575283, -0.575283, 0.525194, 0.525194;
-0.522283, -0.522283, 0.530127, 0.530127;
-0.457158, -0.457158, 0.515388, 0.515388;
-0.382009, -0.382009, 0.466032, 0.466032;
-0.298887, -0.298887, 0.384469, 0.384469;
-0.209842, -0.209842, 0.275618, 0.275618;
-0.116937, -0.116937, 0.146376, 0.146376;
-0.0222717, -0.0222717, 0.00497575, 0.00497575;
0.0719937, 0.0719937, -0.13963, -0.13963;
0.163644, 0.163644, -0.278251, -0.278251;
0.250434, 0.250434, -0.401867, -0.401867;
0.330137, 0.330137, -0.502089, -0.502089;
0.400613, 0.400613, -0.571702, -0.571702;
0.459874, 0.459874, -0.605288, -0.605288;
0.506168, 0.506168, -0.600352, -0.600352;
0.538056, 0.538056, -0.576497, -0.576497;
0.554551, 0.554551, -0.537629, -0.537629;
0.555386, 0.555386, -0.485369, -0.485369;
0.531192, 0.531192, -0.421616, -0.421616;
0.470627, 0.470627, -0.348417, -0.348417;
0.376991, 0.376991, -0.267827, -0.267827;
0.256146, 0.256146, -0.181914, -0.181914;
0.115902, 0.115902, -0.0927422, -0.0927422;
-0.0347229, -0.0347229, -0.00239239, -0.00239239;
-0.186145, -0.186145, 0.0870333, 0.0870333;
-0.328688, -0.328688, 0.173413, 0.173413;
-0.453, -0.453, 0.254631, 0.254631;
-0.550548, -0.550548, 0.328619, 0.328619;
-0.614218, -0.614218, 0.393414, 0.393414;
-0.638989, -0.638989, 0.447224, 0.447224;
-0.626797, -0.626797, 0.4885, 0.4885;
-0.597967, -0.597967, 0.51601, 0.51601;
-0.553966, -0.553966, 0.528948, 0.528948;
-0.496578, -0.496578, 0.526882, 0.526882;
-0.427817, -0.427817, 0.495467, 0.495467;
-0.349748, -0.349748, 0.43028, 0.43028;
-0.26442, -0.26442, 0.334988, 0.334988;
-0.173895, -0.173895, 0.215519, 0.215519;
-0.0802582, -0.0802582, 0.0794807, 0.0794807;
0.0143552, 0.0143552, -0.0644922, -0.0644922;
0.10775, 0.10775, -0.207286, -0.207286;
0.197687, 0.197687, -0.339744, -0.339744;
0.281912, 0.281912, -0.453091, -0.453091;
0.35822, 0.35822, -0.539427, -0.539427;
0.424515, 0.424515, -0.59232, -0.59232;
0.478891, 0.478891, -0.607433, -0.607433;
0.519704, 0.519704, -0.590414, -0.590414;
0.545657, 0.545657, -0.557774, -0.557774;
0.555968, 0.555968, -0.510987, -0.510987;
0.548712, 0.548712, -0.451862, -0.451862;
0.505684, 0.505684, -0.382405, -0.382405;
0.427559, 0.427559, -0.304671, -0.304671;
0.319022, 0.319022, -0.220723, -0.220723;
0.187043, 0.187043, -0.132627, -0.132627;
0.0401555, 0.0401555, -0.0424493, -0.0424493;
-0.112254, -0.112254, 0.0477212, 0.0477212;
-0.260494, -0.260494, 0.135773, 0.135773;
-0.394997, -0.394997, 0.219586, 0.219586;
-0.506755, -0.506755, 0.297066, 0.297066;
-0.587874, -0.587874, 0.366197, 0.366197;
-0.632221, -0.632221, 0.425105, 0.425105;
-0.635971, -0.635971, 0.472124, 0.472124;
-0.610605, -0.610605, 0.505874, 0.505874;
-0.569649, -0.569649, 0.525329, 0.525329;
-0.514857, -0.514857, 0.529995, 0.529995;
-0.448231, -0.448231, 0.514787, 0.514787;
-0.371883, -0.371883, 0.464967, 0.464967;
-0.28786, -0.28786, 0.382992, 0.382992;
-0.198205, -0.198205, 0.273811, 0.273811;
-0.104972, -0.104972, 0.144347, 0.144347;
-0.0102603, -0.0102603, 0.00284699, 0.00284699;
0.083773, 0.083773, -0.141727, -0.141727;
0.174913, 0.174913, -0.280181, -0.280181;
0.260921, 0.260921, -0.403502, -0.403502;
0.339582, 0.339582, -0.50331, -0.50331;
0.408771, 0.408771, -0.572412, -0.572412;
0.466531, 0.466531, -0.605422, -0.605422;
0.511143, 0.511143, -0.600072, -0.600072;
0.541213, 0.541213, -0.576273, -0.576273;
0.555812, 0.555812, -0.537452, -0.537452;
0.554683, 0.554683, -0.485228, -0.485228;
0.524945, 0.524945, -0.421502, -0.421502;
0.459145, 0.459145, -0.348307, -0.348307;
0.360995, 0.360995, -0.267705, -0.267705;
0.236693, 0.236693, -0.181767, -0.181767;
0.0942744, 0.0942744, -0.0925666, -0.0925666;
-0.0571274, -0.0571274, -0.00218876, -0.00218876;
-0.207892, -0.207892, 0.0872581, 0.0872581;
-0.348368, -0.348368, 0.173648, 0.173648;
-0.469294, -0.469294, 0.25486, 0.25486;
-0.562307, -0.562307, 0.328825, 0.328825;
-0.620561, -0.620561, 0.393577, 0.393577;
-0.639399, -0.639399, 0.447325, 0.447325;
-0.623324, -0.623324, 0.48852, 0.48852;
-0.590927, -0.590927, 0.515931, 0.515931;
-0.543735, -0.543735, 0.528758, 0.528758;
-0.483607, -0.483607, 0.526533, 0.526533;
-0.41259, -0.41259, 0.4947, 0.4947;
-0.332756, -0.332756, 0.429116, 0.429116;
-0.246147, -0.246147, 0.333482, 0.333482;
-0.154809, -0.154809, 0.213753, 0.213753;
-0.0608211, -0.0608211, 0.0775571, 0.0775571;
0.0336873, 0.0336873, -0.0664559, -0.0664559;
0.126524, 0.126524, -0.209166, -0.209166;
0.215454, 0.215454, -0.341415, -0.341415;
0.298237, 0.298237, -0.454434, -0.454434;
0.37269, 0.37269, -0.540337, -0.540337;
0.436755, 0.436755, -0.592715, -0.592715;
0.488574, 0.488574, -0.607261, -0.607261;
0.526568, 0.526568, -0.589867, -0.589867;
0.549517, 0.549517, -0.556869, -0.556869;
0.556741, 0.556741, -0.509748, -0.509748;
0.544555, 0.544555, -0.450322, -0.450322;
0.495643, 0.495643, -0.380604, -0.380604;
0.412217, 0.412217, -0.302646, -0.302646;
0.299371, 0.299371, -0.218518, -0.218518;
0.164373, 0.164373, -0.13029, -0.13029;
0.0159371, 0.0159371, -0.0400356, -0.0400356;
-0.136476, -0.136476, 0.0501511, 0.0501511;
-0.283172, -0.283172, 0.138154, 0.138154;
-0.414642, -0.414642, 0.221849, 0.221849;
-0.522021, -0.522021, 0.299141, 0.299141;
-0.597653, -0.597653, 0.368017, 0.368017;
-0.635749, -0.635749, 0.426603, 0.426603;
-0.632871, -0.632871, 0.473243, 0.473243;
-0.606458, -0.606458, 0.506564, 0.506564;
-0.564605, -0.564605, 0.525567, 0.525567;
-0.509071, -0.509071, 0.52979, 0.52979;
-0.441857, -0.441857, 0.513798, 0.513798;
-0.365067, -0.365067, 0.463223, 0.463223;
-0.280743, -0.280743, 0.380588, 0.380588;
-0.190921, -0.190921, 0.270891, 0.270891;
-0.0976588, -0.0976588, 0.14109, 0.14109;
-0.00305603, -0.00305603, -0.000546203, -0.000546203;
0.090725, 0.090725, -0.145048, -0.145048;
0.181467, 0.181467, -0.28322, -0.28322;
0.266932, 0.266932, -0.40606, -0.40606;
0.344908, 0.344908, -0.50521, -0.50521;
0.413283, 0.413283, -0.573509, -0.573509;
0.470111, 0.470111, -0.605621, -0.605621;
0.513699, 0.513699, -0.599662, -0.599662;
0.542675, 0.542675, -0.575862, -0.575862;
0.556148, 0.556148, -0.537045, -0.537045;
0.553664, 0.553664, -0.484826, -0.484826;
0.520128, 0.520128, -0.421103, -0.421103;
0.450782, 0.450782, -0.347904, -0.347904;
0.349617, 0.349617, -0.267291, -0.267291;
0.223052, 0.223052, -0.181339, -0.181339;
0.0792653, 0.0792653, -0.0921257, -0.0921257;
-0.0725383, -0.0725383, -0.00174129, -0.00174129;
-0.22272, -0.22272, 0.087702, 0.087702;
-0.36165, -0.36165, 0.174075, 0.174075;
-0.480136, -0.480136, 0.255255, 0.255255;
-0.56994, -0.56994, 0.329169, 0.329169;
-0.624408, -0.624408, 0.393854, 0.393854;
-0.639139, -0.639139, 0.447517, 0.447517;
-0.620393, -0.620393, 0.488612, 0.488612;
-0.585535, -0.585535, 0.515909, 0.515909;
-0.53616, -0.53616, 0.528612, 0.528612;
-0.474171, -0.474171, 0.526215, 0.526215;
-0.401636, -0.401636, 0.493943, 0.493943;
-0.320628, -0.320628, 0.427949, 0.427949;
-0.233179, -0.233179, 0.331964, 0.331964;
-0.14133, -0.14133, 0.211971, 0.211971;
-0.0471526, -0.0471526, 0.0756186, 0.0756186;
0.0472257, 0.0472257, -0.0684316, -0.0684316;
0.139614, 0.139614, -0.211054, -0.211054;
0.227782, 0.227782, -0.343091, -0.343091;
0.309499, 0.309499, -0.45578, -0.45578;
0.3826, 0.3826, -0.541251, -0.541251;
0.445053, 0.445053, -0.593117, -0.593117;
0.495038, 0.495038, -0.607102, -0.607102;
0.531022, 0.531022, -0.589342, -0.589342;
0.551842, 0.551842, -0.555995, -0.555995;
0.556912, 0.556912, -0.508556, -0.508556;
0.541234, 0.541234, -0.448847, -0.448847;
0.488818, 0.488818, -0.378886, -0.378886;
0.40229, 0.40229, -0.300727, -0.300727;
0.286977, 0.286977, -0.216446, -0.216446;
0.150316, 0.150316, -0.128112, -0.128112;
0.00111242, 0.00111242, -0.0378043, -0.0378043;
-0.151134, -0.151134, 0.0523804, 0.0523804;
-0.296733, -0.296733, 0.140323, 0.140323;
-0.426218, -0.426218, 0.223899, 0.223899;
-0.530818, -0.530818, 0.301013, 0.301013;
-0.603028, -0.603028, 0.369652, 0.369652;
-0.637279, -0.637279, 0.427949, 0.427949;
-0.631234, -0.631234, 0.474252, 0.474252;
-0.605869, -0.605869, 0.507197, 0.507197;
-0.565009, -0.565009, 0.525813, 0.525813;
-0.510372, -0.510372, 0.529664, 0.529664;
-0.443934, -0.443934, 0.513006, 0.513006;
-0.367786, -0.367786, 0.461799, 0.461799;
-0.283965, -0.283965, 0.378618, 0.378618;
-0.194513, -0.194513, 0.268501, 0.268501;
-0.101493, -0.101493, 0.138431, 0.138431;
-0.00701042, -0.00701042, -0.00330908, -0.00330908;
0.0867658, 0.0867658, -0.147744, -0.147744;
0.177614, 0.177614, -0.285682, -0.285682;
0.263291, 0.263291, -0.408129, -0.408129;
0.341578, 0.341578, -0.506745, -0.506745;
0.410354, 0.410354, -0.574401, -0.574401;
0.467664, 0.467664, -0.605801, -0.605801;
0.5118, 0.5118, -0.599378, -0.599378;
0.541375, 0.541375, -0.575504, -0.575504;
0.555482, 0.555482, -0.536626, -0.536626;
0.553802, 0.553802, -0.484363, -0.484363;
0.522482, 0.522482, -0.420609, -0.420609;
0.45523, 0.45523, -0.347397, -0.347397;
0.355867, 0.355867, -0.266786, -0.266786;
0.230676, 0.230676, -0.180849, -0.180849;
0.0877463, 0.0877463, -0.0916599, -0.0916599;
-0.0637626, -0.0637626, -0.00130744, -0.00130744;
-0.214224, -0.214224, 0.0880983, 0.0880983;
-0.353998, -0.353998, 0.17443, 0.17443;
-0.47385, -0.47385, 0.255566, 0.255566;
-0.565472, -0.565472, 0.329435, 0.329435;
-0.622098, -0.622098, 0.394075, 0.394075;
-0.63918, -0.63918, 0.447694, 0.447694;
-0.621968, -0.621968, 0.488748, 0.488748;
-0.588525, -0.588525, 0.516008, 0.516008;
-0.540406, -0.540406, 0.528677, 0.528677;
-0.479487, -0.479487, 0.52624, 0.52624;
-0.407825, -0.407825, 0.49388, 0.49388;
-0.32749, -0.32749, 0.427807, 0.427807;
-0.24052, -0.24052, 0.331758, 0.331758;
-0.148962, -0.148962, 0.21172, 0.21172;
-0.0548895, -0.0548895, 0.0753418, 0.0753418;
0.0395657, 0.0395657, -0.0687154, -0.0687154;
0.132212, 0.132212, -0.211326, -0.211326;
0.220814, 0.220814, -0.343337, -0.343337;
0.303138, 0.303138, -0.455985, -0.455985;
0.377007, 0.377007, -0.541404, -0.541404;
0.440372, 0.440372, -0.593211, -0.593211;
0.491394, 0.491394, -0.607136, -0.607136;
0.528512, 0.528512, -0.58934, -0.58934;
0.550531, 0.550531, -0.555966, -0.555966;
0.556808, 0.556808, -0.508507, -0.508507;
0.543102, 0.543102, -0.448786, -0.448786;
0.492636, 0.492636, -0.378823, -0.378823;
0.407831, 0.407831, -0.30067, -0.30067;
0.293884, 0.293884, -0.2164, -0.2164;
0.158139, 0.158139, -0.128081, -0.128081;
0.00935179, 0.00935179, -0.0377885, -0.0377885;
-0.142998, -0.142998, 0.0523815, 0.0523815;
-0.289216, -0.289216, 0.140312, 0.140312;
-0.419814, -0.419814, 0.22388, 0.22388;
-0.525964, -0.525964, 0.300992, 0.300992;
-0.600079, -0.600079, 0.369634, 0.369634;
-0.636465, -0.636465, 0.42794, 0.42794;
-0.632051, -0.632051, 0.474258, 0.474258;
-0.606161, -0.606161, 0.507225, 0.507225;
-0.564802, -0.564802, 0.52586, 0.52586;
-0.509711, -0.509711, 0.529724, 0.529724;
-0.442879, -0.442879, 0.513085, 0.513085;
-0.366402, -0.366402, 0.461889, 0.461889;
-0.282321, -0.282321, 0.378712, 0.378712;
-0.192676, -0.192676, 0.268593, 0.268593;
-0.0995268, -0.0995268, 0.138515, 0.138515;
-0.00497794, -0.00497794, -0.00323687, -0.00323687;
0.0888051, 0.0888051, -0.147686, -0.147686;
0.179603, 0.179603, -0.285641, -0.285641;
0.265172, 0.265172, -0.408104, -0.408104;
0.3433, 0.3433, -0.506737, -0.506737;
0.411868, 0.411868, -0.574409, -0.574409;
0.468927, 0.468927, -0.605822, -0.605822;
0.512775, 0.512775, -0.599405, -0.599405;
0.542035, 0.542035, -0.575529, -0.575529;
0.555808, 0.555808, -0.536649, -0.536649;
0.553714, 0.553714, -0.48438, -0.48438;
0.521232, 0.521232, -0.42062, -0.42062;
0.452883, 0.452883, -0.347398, -0.347398;
0.352576, 0.352576, -0.266775, -0.266775;
0.226665, 0.226665, -0.180825, -0.180825;
0.0832852, 0.0832852, -0.091623, -0.091623;
-0.0683783, -0.0683783, -0.00125919, -0.00125919;
-0.218693, -0.218693, 0.0881554, 0.0881554;
-0.358024, -0.358024, 0.174492, 0.174492;
-0.477159, -0.477159, 0.255629, 0.255629;
-0.567826, -0.567826, 0.329495, 0.329495;
-0.623318, -0.623318, 0.394127, 0.394127;
-0.639164, -0.639164, 0.447733, 0.447733;
-0.621144, -0.621144, 0.488769, 0.488769;
-0.586956, -0.586956, 0.516006, 0.516006;
-0.538174, -0.538174, 0.528651, 0.528651;
-0.47669, -0.47669, 0.526177, 0.526177;
-0.404566, -0.404566, 0.493722, 0.493722;
-0.323873, -0.323873, 0.427559, 0.427559;
-0.236648, -0.236648, 0.331432, 0.331432;
-0.144932, -0.144932, 0.211334, 0.211334;
-0.0508004, -0.0508004, 0.0749189, 0.0749189;
0.0436177, 0.0436177, -0.0691486, -0.0691486;
0.136131, 0.136131, -0.211742, -0.211742;
0.224506, 0.224506, -0.343707, -0.343707;
0.306512, 0.306512, -0.456283, -0.456283;
0.379976, 0.379976, -0.541607, -0.541607;
0.442859, 0.442859, -0.5933, -0.5933;
0.493331, 0.493331, -0.607099, -0.607099;
0.529848, 0.529848, -0.589221, -0.589221;
0.55123, 0.55123, -0.555767, -0.555767;
0.556863, 0.556863, -0.508234, -0.508234;
0.542112, 0.542112, -0.448448, -0.448448;
0.490606, 0.490606, -0.378427, -0.378427;
0.40488, 0.40488, -0.300226, -0.300226;
0.290201, 0.290201, -0.215918, -0.215918;
0.153964, 0.153964, -0.127572, -0.127572;
0.00495019, 0.00495019, -0.0372657, -0.0372657;
-0.147348, -0.147348, 0.0529056, 0.0529056;
-0.293239, -0.293239, 0.140824, 0.140824;
-0.423245, -0.423245, 0.224365, 0.224365;
-0.528569, -0.528569, 0.301434, 0.301434;
-0.601666, -0.601666, 0.37002, 0.37002;
-0.636911, -0.636911, 0.428257, 0.428257;
-0.63159, -0.63159, 0.474495, 0.474495;
-0.606035, -0.606035, 0.507371, 0.507371;
-0.564991, -0.564991, 0.525912, 0.525912;
-0.510187, -0.510187, 0.529688, 0.529688;
-0.4436, -0.4436, 0.512888, 0.512888;
-0.367328, -0.367328, 0.461541, 0.461541;
-0.283406, -0.283406, 0.378234, 0.378234;
-0.193877, -0.193877, 0.268015, 0.268015;
-0.100804, -0.100804, 0.137874, 0.137874;
-0.00629122, -0.00629122, -0.00390028, -0.00390028;
0.087493, 0.087493, -0.148332, -0.148332;
0.178328, 0.178328, -0.286228, -0.286228;
0.263969, 0.263969, -0.408597, -0.408597;
0.342202, 0.342202, -0.507102, -0.507102;
0.410904, 0.410904, -0.574619, -0.574619;
0.468124, 0.468124, -0.605861, -0.605861;
0.512155, 0.512155, -0.599335, -0.599335;
0.541615, 0.541615, -0.575432, -0.575432;
0.5556, 0.5556, -0.536529, -0.536529;
0.553769, 0.553769, -0.484243, -0.484243;
0.522023, 0.522023, -0.42047, -0.42047;
0.454368, 0.454368, -0.347241, -0.347241;
0.354658, 0.354658, -0.266616, -0.266616;
0.229201, 0.229201, -0.180668, -0.180668;
0.0861055, 0.0861055, -0.091473, -0.091473;
-0.065461, -0.065461, -0.00111826, -0.00111826;
-0.215869, -0.215869, 0.0882852, 0.0882852;
-0.355481, -0.355481, 0.174609, 0.174609;
-0.475069, -0.475069, 0.255733, 0.255733;
-0.56634, -0.56634, 0.329585, 0.329585;
-0.622549, -0.622549, 0.394202, 0.394202;
-0.639176, -0.639176, 0.447795, 0.447795;
-0.621666, -0.621666, 0.488817, 0.488817;
-0.587948, -0.587948, 0.516043, 0.516043;
-0.539584, -0.539584, 0.528676, 0.528676;
-0.478455, -0.478455, 0.526189, 0.526189;
-0.406622, -0.406622, 0.493705, 0.493705;
-0.326153, -0.326153, 0.427516, 0.427516;
-0.239087, -0.239087, 0.331367, 0.331367;
-0.147469, -0.147469, 0.211254, 0.211254;
-0.0533727, -0.0533727, 0.0748302, 0.0748302;
0.0410706, 0.0410706, -0.0692401, -0.0692401;
0.133669, 0.133669, -0.211831, -0.211831;
0.222189, 0.222189, -0.343787, -0.343787;
0.304395, 0.304395, -0.456351, -0.456351;
0.378113, 0.378113, -0.541657, -0.541657;
0.4413, 0.4413, -0.593332, -0.593332;
0.492116, 0.492116, -0.607112, -0.607112;
0.52901, 0.52901, -0.589222, -0.589222;
0.55079, 0.55079, -0.555759, -0.555759;
0.556825, 0.556825, -0.50822, -0.50822;
0.542727, 0.542727, -0.44843, -0.44843;
