0, 0, 0.411285, -0;
0, 0, 0.41104, -0;
9.13998e-06, -1.60814e-07, 0.41055, 0.000261859;
1.07661e-05, -5.18199e-07, 0.409815, 0.000122894;
-8.29806e-06, -4.98926e-07, 0.408835, -0.000365087;
-3.52925e-05, -3.67686e-07, 0.407599, -0.0008269;
-5.95115e-05, -4.91225e-07, 0.406113, -0.00109269;
-7.73246e-05, -8.48376e-07, 0.404383, -0.001123;
-8.12644e-05, -9.04778e-07, 0.402418, -0.000981249;
-7.32263e-05, -4.73343e-07, 0.400219, -0.000764683;
-5.62473e-05, -2.26639e-07, 0.39778, -0.000559599;
-3.72041e-05, -3.90135e-09, 0.395097, -0.000411439;
-2.20435e-05, 1.5021e-07, 0.392167, -0.000328068;
-1.39224e-05, 2.23112e-07, 0.388987, -0.000298574;
-1.41539e-05, 5.66572e-08, 0.385558, -0.00029694;
-2.04102e-05, 1.73818e-09, 0.381881, -0.00029892;
-2.88669e-05, 3.20049e-09, 0.377958, -0.000284125;
-3.61987e-05, 7.42814e-08, 0.37379, -0.000242824;
-4.06262e-05, -3.41613e-08, 0.369379, -0.000174128;
-4.13677e-05, 4.08879e-08, 0.364726, -8.03446e-05;
-3.91422e-05, 1.10958e-07, 0.359828, 2.80026e-05;
-3.56171e-05, 1.60522e-07, 0.354686, 0.000143281;
-3.23612e-05, 9.6488e-08, 0.349299, 0.000259571;
-3.04531e-05, 3.75157e-08, 0.343666, 0.000375261;
-3.0388e-05, 6.69747e-09, 0.337787, 0.000491372;
-0.00108949, 3.79507e-07, 0.334346, 0.00651638;
-0.00316425, 3.03893e-06, 0.333197, 0.0111262;
-0.00575011, 1.62528e-05, 0.333151, 0.0123724;
-0.00837822, 2.45007e-05, 0.333383, 0.0103256;
-0.0107071, 3.46618e-05, 0.333713, 0.00673025;
-0.0130087, 4.10808e-05, 0.334121, 0.0050708;
-0.0152202, 4.81928e-05, 0.334592, 0.00216867;
-0.0172061, 6.94164e-05, 0.335061, -0.00147465;
-0.0191393, 0.000139393, 0.33563, -0.00407347;
-0.0209566, 0.000270421, 0.336252, -0.00683391;
-0.0226399, 0.00042824, 0.33681, -0.00954998;
-0.0243026, 0.000557729, 0.337281, -0.0104642;
-0.0258752, 0.000640645, 0.337659, -0.0112933;
-0.0274065, 0.000723488, 0.337948, -0.0111333;
-0.0288343, 0.000829685, 0.338159, -0.0113308;
-0.0301105, 0.000952804, 0.338227, -0.0122218;
-0.0311856, 0.00107493, 0.338222, -0.013525;
-0.0322039, 0.00122404, 0.338196, -0.0135476;
-0.0331207, 0.00140424, 0.338141, -0.0137909;
-0.0338555, 0.00158785, 0.338062, -0.0142699;
-0.0345436, 0.00170203, 0.338077, -0.0124007;
-0.0350959, 0.00173703, 0.338148, -0.0105576;
-0.0355815, 0.0017653, 0.3382, -0.00799938;
-0.0359268, 0.00181412, 0.338195, -0.00590814;
-0.0361088, 0.00188662, 0.338086, -0.00428716;
-0.0362172, 0.00198288, 0.337889, -0.00166643;
-0.0362272, 0.00208576, 0.337593, 0.000683076;
-0.0360835, 0.00218322, 0.337205, 0.00300772;
-0.0359745, 0.00219153, 0.336943, 0.00698921;
-0.0358502, 0.00208945, 0.336794, 0.0105417;
-0.0356643, 0.00194472, 0.336608, 0.0142556;
-0.0355932, 0.00179629, 0.336561, 0.0169284;
-0.0355343, 0.00163207, 0.336651, 0.018;
-0.0354935, 0.00146816, 0.33685, 0.019127;
-0.0355113, 0.00129395, 0.337169, 0.0206665;
-0.0354673, 0.00109732, 0.337476, 0.0216562;
-0.0353924, 0.00089964, 0.337758, 0.0222189;
-0.0352662, 0.000692182, 0.337986, 0.0221386;
-0.0351006, 0.000484411, 0.338224, 0.0223908;
-0.0348788, 0.000272119, 0.338522, 0.0224931;
-0.0346894, 6.43232e-05, 0.338813, 0.0228855;
-0.0345162, -0.000152113, 0.339125, 0.023333;
-0.0343356, -0.000379294, 0.339326, 0.0229878;
-0.0341323, -0.000608219, 0.339323, 0.0212631;
-0.0338689, -0.000884357, 0.339294, 0.0190494;
-0.0336961, -0.00116572, 0.339264, 0.0165734;
-0.0336544, -0.00149682, 0.339385, 0.0144441;
-0.0336554, -0.00188342, 0.339519, 0.0112029;
-0.033561, -0.00229688, 0.339507, 0.00722674;
-0.0333687, -0.00273345, 0.339459, 0.00342345;
-0.0332141, -0.00325953, 0.339378, 0.000288444;
-0.0330771, -0.00377137, 0.339081, -0.0043449;
-0.0328881, -0.00424176, 0.338535, -0.0105711;
-0.0326008, -0.00467067, 0.337718, -0.0179039;
-0.0323273, -0.00496876, 0.337163, -0.022857;
-0.0321769, -0.00511038, 0.337006, -0.0248878;
-0.0320858, -0.00506296, 0.337181, -0.0254524;
-0.0319894, -0.00488136, 0.337526, -0.0250473;
-0.0319608, -0.00468737, 0.337765, -0.0248523;
-0.0318979, -0.00451256, 0.3378, -0.0270794;
-0.031798, -0.00438195, 0.337645, -0.0302316;
-0.0317909, -0.00426093, 0.337415, -0.0348364;
-0.0317367, -0.00411981, 0.337064, -0.0408011;
-0.0316151, -0.00395906, 0.336542, -0.0477093;
-0.031392, -0.00379205, 0.335843, -0.0554502;
-0.0311631, -0.00362329, 0.334941, -0.0634257;
-0.0309729, -0.00345304, 0.333853, -0.0718088;
-0.0307951, -0.00328714, 0.33256, -0.0805955;
-0.0306319, -0.00312817, 0.331061, -0.0895946;
-0.030743, -0.00294587, 0.329996, -0.0934577;
-0.031144, -0.00275699, 0.329433, -0.0935336;
-0.0317249, -0.00257485, 0.329187, -0.0922208;
-0.0323386, -0.00237922, 0.328963, -0.0912165;
-0.0330066, -0.00221919, 0.328778, -0.0913303;
-0.0337116, -0.00211327, 0.32858, -0.0925976;
-0.0344737, -0.00203124, 0.328428, -0.0941325;
-0.0352731, -0.00195738, 0.328332, -0.0962149;
-0.0361361, -0.00191034, 0.328284, -0.0980325;
-0.0370478, -0.00187242, 0.328229, -0.100072;
-0.0379823, -0.00185162, 0.328223, -0.102892;
-0.0389049, -0.00184253, 0.328127, -0.105597;
-0.0398388, -0.0018048, 0.327974, -0.106649;
-0.0408272, -0.00175221, 0.327796, -0.10644;
-0.0417003, -0.00169999, 0.327648, -0.106433;
-0.0425296, -0.00161465, 0.327515, -0.105595;
-0.043218, -0.00149572, 0.32741, -0.105486;
-0.0437165, -0.0013701, 0.327242, -0.106028;
-0.0439375, -0.00125805, 0.32703, -0.107368;
-0.0438829, -0.00117536, 0.326981, -0.108692;
-0.0440867, -0.0010902, 0.32729, -0.103718;
-0.044182, -0.000995999, 0.328017, -0.0991272;
-0.0439553, -0.000933121, 0.328859, -0.0959255;
-0.043307, -0.000912467, 0.329856, -0.0937022;
-0.0425727, -0.000949363, 0.331103, -0.0882218;
-0.0415944, -0.00114369, 0.332385, -0.0849387;
-0.0401846, -0.00137901, 0.333976, -0.0815442;
-0.0384787, -0.00160223, 0.335701, -0.0767098;
-0.0367086, -0.00179527, 0.337605, -0.0706333;
-0.0345849, -0.00204652, 0.339922, -0.0645831;
-0.0321202, -0.00234456, 0.342265, -0.0592944;
-0.0294277, -0.00262368, 0.344525, -0.0551563;
-0.0264268, -0.002993, 0.346707, -0.0519193;
-0.0230767, -0.0033404, 0.348646, -0.0516065;
-0.0195964, -0.00361649, 0.350492, -0.0496479;
-0.0158847, -0.0038031, 0.352226, -0.0495248;
-0.0119619, -0.00395059, 0.354013, -0.0481626;
-0.00782052, -0.00412096, 0.355748, -0.0474543;
-0.00357444, -0.00430343, 0.357356, -0.0467682;
0.000695691, -0.00451407, 0.358818, -0.0461984;
0.00504948, -0.00471479, 0.360139, -0.0462117;
0.00946507, -0.00489727, 0.361283, -0.0463479;
0.0138668, -0.00506811, 0.362196, -0.0465586;
0.0181992, -0.00524305, 0.362878, -0.046565;
0.0224613, -0.00541798, 0.36334, -0.0464685;
0.0266709, -0.0055915, 0.363603, -0.0463609;
0.0308485, -0.0057657, 0.363675, -0.0462979;
0.0350233, -0.00594049, 0.363557, -0.0463206;
0.0392022, -0.00611529, 0.363247, -0.0464772;
0.0433952, -0.00629059, 0.362734, -0.0467064;
0.0476481, -0.00640649, 0.362247, -0.0454895;
0.0519256, -0.00641026, 0.36184, -0.0424152;
0.0561516, -0.00636079, 0.361328, -0.0388915;
0.0603879, -0.00626463, 0.360811, -0.0343145;
0.0645461, -0.00611802, 0.360172, -0.0288556;
0.068631, -0.00596679, 0.359307, -0.0235496;
0.0727038, -0.00583272, 0.358184, -0.0184314;
0.0768014, -0.00570898, 0.356803, -0.0134187;
0.0809436, -0.00558781, 0.355166, -0.00844639;
0.0851276, -0.0054657, 0.353271, -0.00345899;
0.0893434, -0.00534098, 0.351114, 0.00156849;
0.0935783, -0.00521458, 0.348691, 0.00663431;
0.0978793, -0.00522382, 0.346416, 0.0149269;
0.10217, -0.00541244, 0.344364, 0.0265727;
0.106469, -0.00574552, 0.342402, 0.0404866;
0.110654, -0.0061119, 0.340224, 0.0546715;
0.113576, -0.00638902, 0.339297, 0.0648746;
0.115642, -0.00658542, 0.339449, 0.0684871;
0.117496, -0.0067507, 0.340048, 0.0675656;
0.119638, -0.00691583, 0.340642, 0.0635301;
0.122116, -0.00707977, 0.341222, 0.0551937;
0.124857, -0.00724679, 0.341798, 0.0417407;
0.127607, -0.00736267, 0.342286, 0.0269033;
0.130362, -0.00746703, 0.342829, 0.00740666;
0.133142, -0.00755322, 0.343086, -0.0125006;
0.135957, -0.00766587, 0.343041, -0.0342769;
0.138755, -0.00780988, 0.342618, -0.0555668;
0.1415, -0.00795463, 0.341825, -0.0761154;
0.144157, -0.00808374, 0.340714, -0.0960043;
0.146729, -0.00819424, 0.339363, -0.115799;
0.1493, -0.00830415, 0.337781, -0.1354;
0.151907, -0.00841836, 0.335962, -0.155029;
0.154566, -0.00853885, 0.333903, -0.174885;
0.157269, -0.0086639, 0.331607, -0.195057;
0.160012, -0.00878965, 0.329074, -0.21548;
0.162778, -0.00891541, 0.326306, -0.236013;
0.16555, -0.009041, 0.3233, -0.256502;
0.168308, -0.00916298, 0.320075, -0.276958;
0.171053, -0.00928214, 0.316629, -0.297208;
0.173791, -0.00940193, 0.312974, -0.317243;
0.17652, -0.00951977, 0.309119, -0.337092;
0.179237, -0.00963971, 0.305058, -0.356751;
0.181947, -0.00976037, 0.300794, -0.376242;
0.184655, -0.00988229, 0.296318, -0.395515;
0.187012, -0.00999244, 0.291841, -0.411036;
0.189021, -0.0100857, 0.287563, -0.424289;
0.190749, -0.0101645, 0.283612, -0.435022;
0.192143, -0.0102302, 0.280098, -0.442784;
0.193298, -0.0102361, 0.277048, -0.448342;
0.194448, -0.0101339, 0.276428, -0.446884;
0.196211, -0.0100722, 0.277723, -0.441756;
0.198398, -0.00994158, 0.280151, -0.435475;
0.200861, -0.00988391, 0.283126, -0.431024;
0.20374, -0.00978694, 0.286309, -0.428382;
0.206825, -0.00958883, 0.289669, -0.426988;
0.210163, -0.00933827, 0.293367, -0.426117;
0.213522, -0.00906609, 0.297562, -0.4251;
0.21684, -0.00881979, 0.302185, -0.42062;
0.220028, -0.00855766, 0.307193, -0.415779;
0.223444, -0.00837721, 0.312802, -0.413452;
0.227276, -0.00831619, 0.318917, -0.412948;
0.231578, -0.00827208, 0.325509, -0.412143;
0.235773, -0.00814831, 0.332382, -0.409608;
0.2401, -0.00791702, 0.339788, -0.407837;
0.244537, -0.0076889, 0.347505, -0.403366;
0.249214, -0.00760828, 0.355563, -0.401569;
0.254333, -0.0076572, 0.363838, -0.401562;
0.259829, -0.00768548, 0.372253, -0.402849;
0.265412, -0.00761772, 0.380741, -0.402352;
0.271163, -0.00740894, 0.389368, -0.40318;
0.277219, -0.00716814, 0.39813, -0.404782;
0.283311, -0.00700121, 0.406706, -0.405786;
0.289518, -0.00694438, 0.415143, -0.408748;
0.295907, -0.00694472, 0.423293, -0.41314;
0.302422, -0.00693856, 0.431234, -0.41738;
0.308904, -0.00690229, 0.438837, -0.421272;
0.315266, -0.0068448, 0.446105, -0.424848;
0.321475, -0.00678357, 0.453074, -0.428147;
0.32759, -0.00672065, 0.45983, -0.431346;
0.333633, -0.00665878, 0.466394, -0.434649;
0.339658, -0.00659907, 0.472784, -0.438147;
0.345686, -0.00653942, 0.478978, -0.44179;
0.351743, -0.00647826, 0.484992, -0.445552;
0.357818, -0.00641564, 0.490816, -0.449354;
0.36388, -0.00635102, 0.496435, -0.453177;
0.369918, -0.0062839, 0.501847, -0.456987;
0.375919, -0.00621325, 0.507054, -0.460794;
0.381875, -0.00613872, 0.512059, -0.464624;
0.387787, -0.00605967, 0.516857, -0.468486;
0.39366, -0.00597583, 0.521452, -0.4724;
0.399502, -0.00588801, 0.525844, -0.476417;
0.405316, -0.00579659, 0.530019, -0.480505;
0.411117, -0.00570139, 0.53397, -0.484629;
0.416904, -0.00560519, 0.537687, -0.488803;
0.422684, -0.00550763, 0.541168, -0.49306;
0.428456, -0.00540969, 0.544407, -0.497385;
0.434224, -0.00530846, 0.547399, -0.501789;
0.43999, -0.00520634, 0.550132, -0.506271;
0.445761, -0.00510499, 0.552602, -0.510855;
0.451539, -0.00500431, 0.554803, -0.515542;
0.457328, -0.00490481, 0.556726, -0.520345;
0.463132, -0.0048091, 0.558368, -0.525264;
0.468959, -0.00471534, 0.559722, -0.530291;
0.474811, -0.00462341, 0.560785, -0.535441;
0.480692, -0.00453505, 0.561552, -0.5407;
0.486601, -0.00445046, 0.562022, -0.54608;
0.492541, -0.00436997, 0.562195, -0.55158;
0.498516, -0.00429427, 0.562069, -0.557178;
0.504524, -0.00422261, 0.561646, -0.562895;
0.510564, -0.00415572, 0.560926, -0.568721;
0.516635, -0.00409371, 0.559915, -0.574639;
0.522737, -0.00403663, 0.558614, -0.580661;
0.528865, -0.00398303, 0.557028, -0.586766;
0.535019, -0.00393255, 0.555163, -0.592931;
0.541195, -0.00388411, 0.553026, -0.599166;
0.547389, -0.00383817, 0.550622, -0.605439;
0.553598, -0.00379407, 0.547958, -0.611742;
0.559816, -0.00375162, 0.545042, -0.618054;
0.566039, -0.0037083, 0.541881, -0.624364;
0.57226, -0.00366635, 0.538481, -0.630653;
0.578477, -0.00362003, 0.53485, -0.636918;
0.584683, -0.00357314, 0.530993, -0.643127;
0.590873, -0.00352339, 0.526916, -0.64928;
0.597043, -0.00346943, 0.522626, -0.655351;
0.603191, -0.00341058, 0.518125, -0.661326;
0.609311, -0.00334643, 0.513417, -0.667188;
0.615401, -0.00327511, 0.508507, -0.67292;
0.621458, -0.00319656, 0.503395, -0.678535;
0.62748, -0.00311377, 0.498082, -0.684001;
0.633468, -0.00302279, 0.492572, -0.689316;
0.639419, -0.00292439, 0.486859, -0.694465;
0.645329, -0.00281895, 0.480945, -0.69948;
0.651205, -0.0027053, 0.474823, -0.704304;
0.657047, -0.00258461, 0.468494, -0.708956;
0.662858, -0.00245822, 0.461954, -0.713431;
0.66864, -0.00232655, 0.455197, -0.717744;
0.674398, -0.00218934, 0.448219, -0.721888;
0.680138, -0.00204706, 0.441016, -0.725871;
0.685864, -0.00190152, 0.433581, -0.729695;
0.691582, -0.00175556, 0.425912, -0.733361;
0.697295, -0.00161105, 0.418, -0.736911;
0.703013, -0.00146834, 0.409842, -0.740311;
0.708742, -0.00132573, 0.40143, -0.743592;
0.714486, -0.00118665, 0.392759, -0.74676;
0.720252, -0.00105589, 0.383825, -0.749835;
0.726044, -0.00093022, 0.374626, -0.752814;
0.731868, -0.000812149, 0.365155, -0.755728;
0.737729, -0.000702136, 0.355411, -0.758566;
0.74363, -0.000601124, 0.345386, -0.761357;
0.748241, -0.000225932, 0.335903, -0.75082;
0.75219, 0.000282708, 0.327508, -0.739005;
0.756468, 0.000607044, 0.325431, -0.723665;
0.762303, 0.000415877, 0.328439, -0.70496;
0.769346, -0.000500043, 0.333608, -0.686733;
0.777146, -0.00162874, 0.339042, -0.670541;
0.785054, -0.0027352, 0.344613, -0.656006;
0.792899, -0.00382961, 0.350244, -0.640372;
0.800959, -0.00509798, 0.356419, -0.628268;
0.809421, -0.00651766, 0.363295, -0.617648;
0.817969, -0.00803898, 0.371018, -0.608139;
0.826438, -0.00941452, 0.379374, -0.595614;
0.835071, -0.0106179, 0.388341, -0.586103;
0.844095, -0.0118047, 0.397784, -0.577969;
0.853121, -0.0130955, 0.40742, -0.567501;
0.862271, -0.0145464, 0.417324, -0.558434;
0.871513, -0.0160956, 0.42714, -0.549684;
0.880921, -0.0176765, 0.436728, -0.543407;
0.890468, -0.0192711, 0.446229, -0.537115;
0.900022, -0.020848, 0.455399, -0.530991;
0.909461, -0.0224055, 0.464228, -0.524689;
0.918723, -0.0239188, 0.472708, -0.518071;
0.927801, -0.0253884, 0.480939, -0.511269;
0.936751, -0.0268293, 0.488974, -0.504419;
0.945644, -0.0282543, 0.496836, -0.497754;
0.95454, -0.0296805, 0.504539, -0.491343;
0.963462, -0.0311118, 0.512058, -0.485067;
0.972418, -0.032545, 0.519383, -0.478819;
0.981387, -0.0339791, 0.526497, -0.472556;
0.990351, -0.0354108, 0.533398, -0.466257;
0.999293, -0.0368366, 0.54008, -0.459914;
1.00821, -0.0382543, 0.546544, -0.453554;
1.01709, -0.0396654, 0.552787, -0.447196;
1.02596, -0.0410708, 0.558809, -0.440862;
1.03481, -0.0424743, 0.564599, -0.43453;
1.04367, -0.0438775, 0.570153, -0.428215;
1.05254, -0.0452846, 0.575463, -0.421906;
1.06143, -0.046697, 0.580522, -0.415588;
1.07035, -0.0481101, 0.585323, -0.409221;
1.07929, -0.0495308, 0.589855, -0.402819;
1.08825, -0.0509597, 0.594116, -0.396392;
1.09724, -0.0523946, 0.598101, -0.38992;
1.10626, -0.0538365, 0.601803, -0.383405;
1.11531, -0.0552868, 0.605217, -0.376868;
1.12439, -0.0567466, 0.608336, -0.370279;
1.1335, -0.0582152, 0.611156, -0.363623;
1.14264, -0.0596931, 0.613678, -0.356901;
1.15181, -0.0611808, 0.615903, -0.350138;
1.16102, -0.0626778, 0.617833, -0.34327;
1.17025, -0.0641849, 0.619465, -0.336334;
1.17951, -0.0656991, 0.620804, -0.329271;
1.1888, -0.0672205, 0.621852, -0.322084;
1.1981, -0.0687488, 0.622618, -0.314808;
1.20742, -0.0702829, 0.623099, -0.307381;
1.21675, -0.0718228, 0.623303, -0.299847;
1.2261, -0.0733669, 0.623241, -0.292133;
1.23546, -0.0749113, 0.622919, -0.284275;
1.24482, -0.0764559, 0.622344, -0.276268;
1.25418, -0.0780025, 0.621527, -0.268114;
1.26354, -0.0795498, 0.62047, -0.259783;
1.27289, -0.0810962, 0.619181, -0.251259;
1.28224, -0.0826384, 0.617669, -0.242563;
1.29159, -0.0841747, 0.615939, -0.233685;
1.30093, -0.0857076, 0.614002, -0.224619;
1.31025, -0.0872393, 0.61186, -0.215388;
1.31957, -0.0887653, 0.609518, -0.206007;
1.32887, -0.0902831, 0.606979, -0.196467;
1.33817, -0.0917933, 0.604246, -0.186776;
1.34746, -0.0932964, 0.601319, -0.176927;
1.35674, -0.0947924, 0.598199, -0.166949;
1.36601, -0.0962828, 0.594888, -0.156855;
1.37527, -0.0977694, 0.591382, -0.146657;
1.38452, -0.0992501, 0.587677, -0.136366;
1.39377, -0.100724, 0.583772, -0.125995;
1.40301, -0.102191, 0.579659, -0.11557;
1.41225, -0.103653, 0.575334, -0.105097;
1.42149, -0.105112, 0.57079, -0.0945955;
1.43073, -0.106567, 0.566019, -0.084101;
1.43997, -0.108019, 0.561017, -0.0736361;
1.44921, -0.109471, 0.555773, -0.0631937;
1.45846, -0.110921, 0.550279, -0.052794;
1.4677, -0.11237, 0.544527, -0.0424923;
1.47695, -0.113819, 0.538507, -0.0322576;
1.48621, -0.11527, 0.532215, -0.0221297;
1.49546, -0.116723, 0.525638, -0.0121178;
1.50472, -0.118176, 0.518773, -0.00223884;
1.51397, -0.119633, 0.511613, 0.00749307;
1.52323, -0.121092, 0.504153, 0.0170703;
1.53249, -0.122554, 0.496387, 0.0264876;
1.54174, -0.12402, 0.488312, 0.0357452;
1.55099, -0.12549, 0.479928, 0.0448105;
1.56024, -0.126963, 0.471233, 0.0537032;
1.56949, -0.12844, 0.462228, 0.0624061;
1.57872, -0.129921, 0.452914, 0.0709157;
1.58795, -0.131404, 0.443295, 0.0792399;
1.59717, -0.132891, 0.433374, 0.087381;
1.60639, -0.13438, 0.423155, 0.095348;
1.61559, -0.135871, 0.412647, 0.103121;
1.62479, -0.137364, 0.401856, 0.110723;
1.63398, -0.138857, 0.39079, 0.118149;
1.64315, -0.140352, 0.379455, 0.125424;
1.65232, -0.141845, 0.367861, 0.132534;
1.66148, -0.143338, 0.356018, 0.139494;
1.67064, -0.144828, 0.343931, 0.146318;
1.67836, -0.146626, 0.333454, 0.149444;
1.68324, -0.148427, 0.326378, 0.145309;
1.68485, -0.150116, 0.322344, 0.135209;
1.68391, -0.151601, 0.320697, 0.120422;
1.68163, -0.153229, 0.320216, 0.10408;
1.67889, -0.155088, 0.320239, 0.0917775;
1.67641, -0.157312, 0.320329, 0.0829757;
1.67441, -0.159624, 0.320465, 0.0764707;
1.67268, -0.161816, 0.32098, 0.0716547;
1.67117, -0.163881, 0.322136, 0.0698212;
1.66993, -0.165886, 0.323676, 0.0690183;
1.66884, -0.16784, 0.325266, 0.0687525;
1.66778, -0.169741, 0.326784, 0.0690135;
1.66673, -0.171623, 0.328086, 0.0693835;
1.66566, -0.173486, 0.32925, 0.0708813;
1.66456, -0.17532, 0.330264, 0.0730543;
1.66342, -0.177141, 0.331105, 0.0755505;
1.66228, -0.178945, 0.331772, 0.0783879;
1.66113, -0.180731, 0.332269, 0.0817066;
1.65998, -0.182486, 0.332605, 0.0856823;
1.65866, -0.184206, 0.332776, 0.0903164;
1.65735, -0.185872, 0.332959, 0.09378;
1.65616, -0.187463, 0.333203, 0.0968371;
1.65485, -0.188959, 0.333377, 0.10159;
1.65355, -0.190392, 0.333762, 0.103762;
1.65228, -0.19168, 0.334196, 0.103463;
1.65109, -0.192918, 0.335001, 0.103455;
1.64992, -0.194033, 0.336239, 0.103017;
1.64877, -0.195077, 0.337781, 0.0975757;
1.64739, -0.196035, 0.339628, 0.095655;
1.64567, -0.19687, 0.34192, 0.0893617;
1.64383, -0.197718, 0.344431, 0.0786405;
1.64196, -0.198477, 0.346451, 0.0672215;
1.64039, -0.199146, 0.348242, 0.0514481;
1.63896, -0.199743, 0.349775, 0.0358175;
1.63768, -0.200357, 0.351139, 0.0178867;
1.63643, -0.200975, 0.35239, -0.00150765;
1.63512, -0.201561, 0.353312, -0.0200284;
1.63377, -0.202157, 0.353838, -0.0385594;
1.63236, -0.202761, 0.354002, -0.056586;
1.63091, -0.203369, 0.353853, -0.0743832;
1.62943, -0.203972, 0.353427, -0.0922934;
1.62795, -0.204572, 0.352745, -0.110478;
1.6265, -0.205174, 0.351811, -0.128894;
1.62509, -0.205778, 0.350621, -0.147486;
1.62373, -0.206388, 0.349196, -0.166239;
1.62238, -0.206999, 0.347537, -0.185126;
1.62103, -0.207616, 0.345647, -0.204012;
1.61968, -0.208239, 0.343538, -0.222881;
1.61833, -0.208869, 0.341206, -0.241629;
1.61698, -0.209502, 0.33866, -0.260307;
1.61562, -0.210137, 0.335903, -0.278849;
1.61426, -0.210778, 0.332939, -0.297256;
1.6129, -0.211425, 0.329771, -0.315538;
1.61153, -0.21208, 0.326401, -0.333679;
1.61016, -0.21274, 0.322824, -0.351599;
1.60878, -0.213407, 0.319038, -0.369311;
1.60738, -0.214077, 0.315042, -0.386804;
1.60598, -0.214753, 0.310829, -0.404031;
1.60456, -0.215434, 0.306397, -0.420986;
1.60287, -0.216062, 0.301922, -0.434915;
1.60096, -0.216567, 0.297504, -0.447312;
1.59873, -0.21701, 0.293279, -0.456822;
1.59635, -0.217426, 0.289342, -0.465656;
1.59435, -0.217586, 0.287433, -0.471819;
1.59321, -0.217223, 0.287656, -0.474049;
1.59223, -0.216746, 0.288435, -0.475078;
1.59183, -0.215981, 0.290976, -0.47497;
1.59238, -0.214949, 0.294445, -0.478267;
1.59343, -0.213609, 0.298875, -0.483092;
1.59469, -0.212111, 0.303374, -0.486152;
1.59621, -0.210659, 0.308345, -0.490968;
1.59773, -0.209319, 0.313563, -0.49405;
1.59947, -0.208109, 0.319238, -0.499561;
1.60157, -0.207013, 0.325373, -0.505864;
1.60385, -0.205934, 0.332132, -0.512636;
1.60607, -0.2048, 0.339209, -0.516522;
1.60836, -0.203522, 0.346748, -0.522326;
1.61097, -0.202114, 0.354665, -0.529456;
1.61394, -0.200701, 0.362987, -0.536545;
1.61683, -0.199364, 0.371543, -0.541392;
1.61989, -0.198165, 0.380498, -0.5472;
1.62299, -0.196935, 0.389635, -0.551387;
1.62627, -0.195568, 0.398947, -0.55754;
1.62983, -0.194114, 0.408402, -0.564987;
1.63347, -0.192701, 0.417804, -0.571457;
1.63723, -0.191386, 0.427096, -0.579224;
1.6412, -0.190115, 0.436327, -0.587935;
1.64522, -0.188828, 0.445297, -0.595982;
1.64922, -0.187498, 0.453858, -0.605538;
1.65319, -0.186162, 0.462155, -0.614461;
1.65709, -0.184845, 0.470202, -0.622896;
1.66088, -0.183546, 0.478005, -0.631168;
1.6646, -0.182249, 0.485587, -0.639453;
1.66827, -0.180955, 0.492972, -0.647816;
1.67192, -0.179658, 0.500164, -0.656327;
1.67556, -0.17836, 0.507161, -0.66494;
1.6792, -0.177061, 0.513972, -0.673626;
1.68283, -0.175762, 0.520579, -0.682327;
1.68643, -0.174464, 0.526974, -0.691022;
1.69, -0.173169, 0.533152, -0.699722;
1.69352, -0.171877, 0.539112, -0.708437;
1.69699, -0.170587, 0.544847, -0.717184;
1.70042, -0.169299, 0.550362, -0.726017;
1.70381, -0.168011, 0.55565, -0.734916;
1.70717, -0.166722, 0.560699, -0.743917;
1.71051, -0.165437, 0.565508, -0.753008;
1.71384, -0.164154, 0.570073, -0.762205;
1.71716, -0.162872, 0.574386, -0.771492;
1.72049, -0.16159, 0.578442, -0.780889;
1.72381, -0.160309, 0.582236, -0.790401;
1.72714, -0.159031, 0.585758, -0.800058;
1.73048, -0.157754, 0.589006, -0.809871;
1.73385, -0.156479, 0.591973, -0.819823;
1.73723, -0.155206, 0.594655, -0.829952;
1.74066, -0.153934, 0.597049, -0.840233;
1.74412, -0.152666, 0.599152, -0.850703;
1.74762, -0.151401, 0.600963, -0.861371;
1.75117, -0.150137, 0.60248, -0.872222;
1.75476, -0.148876, 0.603703, -0.883251;
1.75842, -0.147617, 0.604632, -0.894454;
1.76212, -0.146359, 0.60527, -0.905864;
1.76587, -0.145106, 0.605618, -0.917446;
1.76968, -0.143858, 0.60568, -0.929195;
1.77353, -0.142613, 0.60546, -0.941125;
1.77743, -0.141369, 0.60496, -0.953219;
1.78138, -0.140127, 0.604187, -0.965454;
1.78536, -0.138887, 0.603145, -0.977827;
1.78938, -0.13765, 0.601841, -0.990307;
1.79342, -0.136415, 0.60028, -1.00289;
1.79749, -0.135183, 0.598467, -1.01555;
1.80157, -0.133953, 0.596407, -1.02827;
1.80565, -0.132724, 0.594105, -1.04103;
1.80974, -0.131497, 0.591566, -1.05379;
1.81381, -0.130271, 0.588793, -1.06655;
1.81788, -0.129046, 0.585791, -1.07928;
1.82192, -0.127822, 0.582562, -1.09195;
1.82593, -0.126599, 0.579108, -1.10453;
1.82992, -0.125374, 0.575432, -1.117;
1.83386, -0.124151, 0.571533, -1.12934;
1.83777, -0.122928, 0.567414, -1.14154;
1.84163, -0.121706, 0.563072, -1.15356;
1.84545, -0.120483, 0.558508, -1.16539;
1.84923, -0.11926, 0.55372, -1.17699;
1.85295, -0.118035, 0.548705, -1.18838;
1.85663, -0.116811, 0.543462, -1.19952;
